PID 29856  base=0x7FF7C7EF0000 size=0xA9E1000   reading 0x1D255EF1B00 +256 bytes
  1D255EF1B00  B0 E7 5E CF F7 7F 00 00 00 00 00 00 41 00 00 00  ..^.........A...
  1D255EF1B10  30 21 00 00 00 00 00 00 80 B7 A0 46 D2 01 00 00  0!.........F....
  1D255EF1B20  52 32 01 00 00 00 00 00 60 2A E6 55 D2 01 00 00  R2......`*.U....
  1D255EF1B30  00 00 00 00 00 00 00 00 40 2D DB 61 D2 01 00 00  ........@-.a....
  1D255EF1B40  00 00 00 00 00 00 00 00 00 00 00 00 00 00 00 00  ................
  1D255EF1B50  00 00 00 00 00 00 00 00 00 67 EB 97 D2 01 00 00  .........g......
  1D255EF1B60  50 00 00 00 08 00 00 00 00 00 00 00 00 00 00 00  P...............
  1D255EF1B70  00 00 00 00 00 00 00 00 00 67 EB 97 D2 01 00 00  .........g......
  1D255EF1B80  00 00 00 00 00 00 00 00 00 67 EB 97 D2 01 00 00  .........g......
  1D255EF1B90  00 00 00 00 00 00 00 00 00 00 00 00 00 00 00 00  ................
  1D255EF1BA0  00 00 00 00 00 00 00 00 00 00 00 00 00 00 00 00  ................
  1D255EF1BB0  00 00 00 00 00 00 00 00 01 12 00 00 00 01 00 00  ................
  1D255EF1BC0  50 2D DB 61 D2 01 00 00 00 00 00 00 00 00 00 00  P-.a............
  1D255EF1BD0  B0 E7 5E CF F7 7F 00 00 00 00 00 00 41 00 00 00  ..^.........A...
  1D255EF1BE0  31 21 00 00 00 00 00 00 80 B7 A0 46 D2 01 00 00  1!.........F....
  1D255EF1BF0  41 32 01 00 00 00 00 00 60 2A E6 55 D2 01 00 00  A2......`*.U....
