### INSURANCE CAPTURE 2026-08-13T22:49:26Z UTC
### invocation-list pool 0x1D21663D000 +0x3000 (covers all 16 bound delegate ptrs 0x..3DBA0-0x..3F430)
PID 29856  base=0x7FF7C7EF0000 size=0xA9E1000   reading 0x1D21663D000 +12288 bytes
  1D21663D000  30 00 02 E3 01 00 00 00 A0 A2 63 16 D2 01 00 00  0.........c.....
  1D21663D010  6C 6F 6B 69 2E 74 68 65 6F 72 79 63 72 61 66 74  loki.theorycraft
  1D21663D020  67 61 6D 65 73 2E 63 6F 6D 00 AD 9B D2 01 00 00  games.com.......
  1D21663D030  7E 12 00 00 7F 12 00 00 80 12 00 00 81 12 00 00  ~...............
  1D21663D040  82 12 00 00 E2 EF 00 00 84 12 00 00 85 12 00 00  ................
  1D21663D050  86 12 00 00 87 12 00 00 8E 12 00 00 8F 12 00 00  ................
  1D21663D060  30 00 02 E3 01 00 00 00 80 E9 63 16 D2 01 00 00  0.........c.....
  1D21663D070  70 8A 5C CF F7 7F 00 00 02 00 00 00 40 00 00 00  p.\.........@...
  1D21663D080  00 BE 6E FF D3 01 00 00 2A 00 00 00 30 00 00 00  ..n.....*...0...
  1D21663D090  30 00 02 E3 01 00 00 00 80 62 63 16 D2 01 00 00  0........bc.....
  1D21663D0A0  70 8A 5C CF F7 7F 00 00 04 00 00 00 53 00 4B 00  p.\.........S.K.
  1D21663D0B0  01 00 54 00 45 00 00 00 C0 42 F3 9B D2 01 00 00  ..T.E....B......
  1D21663D0C0  30 00 02 E3 01 00 00 00 B0 86 63 16 D2 01 00 00  0.........c.....
  1D21663D0D0  08 00 00 00 08 00 00 00 08 00 00 00 08 00 00 00  ................
  1D21663D0E0  08 00 00 00 08 00 00 00 40 3B F3 9B D2 01 00 00  ........@;......
  1D21663D0F0  30 00 02 E3 01 00 00 00 60 67 63 16 D2 01 00 00  0.......`gc.....
  1D21663D100  08 00 00 00 08 00 00 00 08 00 00 00 08 00 00 00  ................
  1D21663D110  08 00 00 00 08 00 00 00 00 00 00 00 00 00 00 00  ................
  1D21663D120  30 00 02 E3 01 00 00 00 40 F9 63 16 D2 01 00 00  0.......@.c.....
  1D21663D130  70 8A 5C CF F7 7F 00 00 04 00 00 00 55 00 4D 00  p.\.........U.M.
  1D21663D140  01 00 00 00 63 00 6B 00 00 00 67 00 00 00 00 00  ....c.k...g.....
  1D21663D150  30 00 02 E3 01 00 00 00 A0 15 63 16 D2 01 00 00  0.........c.....
  1D21663D160  40 00 00 00 40 00 00 00 40 00 00 00 40 00 00 00  @...@...@...@...
  1D21663D170  40 00 00 00 40 00 00 00 C0 1E CC 0A D2 01 00 00  @...@...........
  1D21663D180  30 00 02 E3 01 00 00 00 60 0A 63 16 D2 01 00 00  0.......`.c.....
  1D21663D190  70 8A 5C CF F7 7F 00 00 05 00 00 00 40 00 00 00  p.\.........@...
  1D21663D1A0  00 00 00 00 00 00 00 00 00 00 00 00 00 00 00 00  ................
  1D21663D1B0  30 00 02 E3 01 00 00 00 70 A5 63 16 D2 01 00 00  0.......p.c.....
  1D21663D1C0  70 8A 5C CF F7 7F 00 00 02 00 00 00 40 00 00 00  p.\.........@...
  1D21663D1D0  00 00 00 00 00 00 00 00 00 00 00 00 00 00 00 00  ................
  1D21663D1E0  30 00 02 E3 01 00 00 00 10 C0 63 16 D2 01 00 00  0.........c.....
  1D21663D1F0  70 8A 5C CF F7 7F 00 00 02 00 00 00 47 00 6C 00  p.\.........G.l.
  1D21663D200  00 10 1A 68 D3 01 00 00 0F 00 00 00 10 00 00 00  ...h............
  1D21663D210  30 00 02 E3 01 00 00 00 60 E2 63 16 D2 01 00 00  0.......`.c.....
  1D21663D220  70 8A 5C CF F7 7F 00 00 02 00 00 00 40 00 00 00  p.\.........@...
  1D21663D230  40 D0 F6 4E D2 01 00 00 1A 00 00 00 20 00 00 00  @..N........ ...
  1D21663D240  30 00 02 E3 01 00 00 00 E0 E0 63 16 D2 01 00 00  0.........c.....
  1D21663D250  70 8A 5C CF F7 7F 00 00 04 00 00 00 08 00 00 00  p.\.............
  1D21663D260  01 00 00 00 08 00 00 00 00 45 32 9B D2 01 00 00  .........E2.....
  1D21663D270  30 00 02 E3 01 00 00 00 90 F7 63 16 D2 01 00 00  0.........c.....
  1D21663D280  70 8A 5C CF F7 7F 00 00 03 00 00 00 40 00 00 00  p.\.........@...
  1D21663D290  00 00 00 00 00 00 00 00 40 5E F3 9B D2 01 00 00  ........@^......
  1D21663D2A0  20 04 F3 CF F7 7F 00 00 00 00 00 00 00 00 00 00   ...............
  1D21663D2B0  F3 0F 00 00 00 00 00 00 4F D6 00 00 E9 10 00 00  ........O.......
  1D21663D2C0  50 2C 63 CD F7 7F 00 00 65 00 00 00 00 00 00 00  P,c.....e.......
  1D21663D2D0  20 04 F3 CF F7 7F 00 00 00 00 00 00 00 00 00 00   ...............
  1D21663D2E0  F5 0F 00 00 00 00 00 00 4F D6 00 00 E9 10 00 00  ........O.......
  1D21663D2F0  F0 0F 63 CD F7 7F 00 00 65 00 00 00 00 00 00 00  ..c.....e.......
  1D21663D300  C0 EA A2 D0 F7 7F 00 00 00 00 00 00 00 00 00 00  ................
  1D21663D310  F4 0F 00 00 00 00 00 00 4F D6 00 00 E9 10 00 00  ........O.......
  1D21663D320  E0 4B 63 CD F7 7F 00 00 00 00 00 00 00 00 00 00  .Kc.............
  1D21663D330  78 D8 A2 D0 F7 7F 00 00 00 00 00 00 00 00 00 00  x...............
  1D21663D340  F0 0F 00 00 00 00 00 00 4A D6 00 00 E7 10 00 00  ........J.......
  1D21663D350  30 F4 77 CD F7 7F 00 00 00 00 00 00 00 00 00 00  0.w.............
  1D21663D360  20 04 F3 CF F7 7F 00 00 00 00 00 00 00 00 00 00   ...............
  1D21663D370  F6 0F 00 00 00 00 00 00 4F D6 00 00 E9 10 00 00  ........O.......
  1D21663D380  50 2C 63 CD F7 7F 00 00 63 79 00 00 00 00 00 00  P,c.....cy......
  1D21663D390  D8 F9 BC CF F7 7F 00 00 00 00 00 00 00 00 00 00  ................
  1D21663D3A0  F7 0F 00 00 00 00 00 00 4F D6 00 00 E9 10 00 00  ........O.......
  1D21663D3B0  00 31 62 CD F7 7F 00 00 63 79 00 00 00 00 00 00  .1b.....cy......
  1D21663D3C0  D8 F9 BC CF F7 7F 00 00 00 00 00 00 00 00 00 00  ................
  1D21663D3D0  F8 0F 00 00 00 00 00 00 4F D6 00 00 E9 10 00 00  ........O.......
  1D21663D3E0  F0 34 62 CD F7 7F 00 00 61 74 65 6E 63 79 00 00  .4b.....atency..
  1D21663D3F0  30 00 02 E3 01 00 00 00 F0 FA 63 16 D2 01 00 00  0.........c.....
  1D21663D400  40 00 00 00 40 00 00 00 40 00 00 00 40 00 00 00  @...@...@...@...
  1D21663D410  40 00 00 00 40 00 00 00 00 F1 16 F9 D3 01 00 00  @...@...........
  1D21663D420  30 00 02 E3 01 00 00 00 E0 F5 63 16 D2 01 00 00  0.........c.....
  1D21663D430  70 8A 5C CF F7 7F 00 00 02 00 00 00 5F 00 47 00  p.\........._.G.
  1D21663D440  00 00 00 00 00 00 00 00 00 00 00 00 00 00 00 00  ................
  1D21663D450  30 00 02 E3 01 00 00 00 A0 09 63 16 D2 01 00 00  0.........c.....
  1D21663D460  70 8A 5C CF F7 7F 00 00 02 00 00 00 40 00 00 00  p.\.........@...
  1D21663D470  E0 0B EB 68 D3 01 00 00 2E 00 00 00 30 00 00 00  ...h........0...
  1D21663D480  30 00 02 E3 01 00 00 00 20 65 63 16 D2 01 00 00  0....... ec.....
  1D21663D490  70 8A 5C CF F7 7F 00 00 02 00 00 00 08 00 00 00  p.\.............
  1D21663D4A0  E0 6A EF 78 D3 01 00 00 06 00 00 00 08 00 00 00  .j.x............
  1D21663D4B0  30 00 02 E3 01 00 00 00 C0 E8 63 16 D2 01 00 00  0.........c.....
  1D21663D4C0  70 8A 5C CF F7 7F 00 00 06 00 00 00 40 00 00 00  p.\.........@...
  1D21663D4D0  D0 67 B1 65 D3 01 00 00 C0 67 B1 65 D3 01 00 00  .g.e.....g.e....
  1D21663D4E0  30 00 02 E3 01 00 00 00 00 1C 63 16 D2 01 00 00  0.........c.....
  1D21663D4F0  40 00 00 00 40 00 00 00 40 00 00 00 40 00 00 00  @...@...@...@...
  1D21663D500  40 00 00 00 40 00 00 00 05 00 00 00 07 00 00 00  @...@...........
  1D21663D510  30 00 02 E3 01 00 00 00 A0 A5 63 16 D2 01 00 00  0.........c.....
  1D21663D520  40 00 00 00 40 00 00 00 40 00 00 00 40 00 00 00  @...@...@...@...
  1D21663D530  40 00 00 00 40 00 00 00 04 00 51 8B D2 01 00 00  @...@.....Q.....
  1D21663D540  30 00 02 E3 01 00 00 00 20 2C 63 16 D2 01 00 00  0....... ,c.....
  1D21663D550  70 8A 5C CF F7 7F 00 00 02 00 00 00 74 00 6C 00  p.\.........t.l.
  1D21663D560  00 00 00 00 00 00 00 00 00 00 00 00 00 00 00 00  ................
  1D21663D570  30 00 02 E3 01 00 00 00 20 83 63 16 D2 01 00 00  0....... .c.....
  1D21663D580  70 8A 5C CF F7 7F 00 00 03 00 00 00 40 00 00 00  p.\.........@...
  1D21663D590  00 00 00 00 00 00 00 00 04 00 51 8B D2 01 00 00  ..........Q.....
  1D21663D5A0  30 00 02 E3 01 00 00 00 D0 CF 63 16 D2 01 00 00  0.........c.....
  1D21663D5B0  70 8A 5C CF F7 7F 00 00 02 00 00 00 40 00 00 00  p.\.........@...
  1D21663D5C0  A0 5F EF 78 D3 01 00 00 06 00 00 00 08 00 00 00  ._.x............
  1D21663D5D0  30 00 02 E3 01 00 00 00 B0 4D 63 16 D2 01 00 00  0........Mc.....
  1D21663D5E0  40 00 00 00 40 00 00 00 40 00 00 00 40 00 00 00  @...@...@...@...
  1D21663D5F0  40 00 00 00 40 00 00 00 05 00 00 00 07 00 00 00  @...@...........
  1D21663D600  30 00 02 E3 01 00 00 00 A0 87 63 16 D2 01 00 00  0.........c.....
  1D21663D610  40 00 00 00 40 00 00 00 40 00 00 00 40 00 00 00  @...@...@...@...
  1D21663D620  40 00 00 00 40 00 00 00 40 2A 9D 9B D2 01 00 00  @...@...@*......
  1D21663D630  30 00 02 E3 01 00 00 00 70 C0 63 16 D2 01 00 00  0.......p.c.....
  1D21663D640  70 8A 5C CF F7 7F 00 00 06 00 00 00 40 00 00 00  p.\.........@...
  1D21663D650  50 5D 80 18 D2 01 00 00 40 5D 80 18 D2 01 00 00  P]......@]......
  1D21663D660  30 00 02 E3 01 00 00 00 A0 60 63 16 D2 01 00 00  0........`c.....
  1D21663D670  08 00 00 00 08 00 00 00 08 00 00 00 08 00 00 00  ................
  1D21663D680  08 00 00 00 08 00 00 00 06 00 00 00 08 00 00 00  ................
  1D21663D690  30 00 02 E3 01 00 00 00 B0 D1 63 16 D2 01 00 00  0.........c.....
  1D21663D6A0  70 8A 5C CF F7 7F 00 00 05 00 00 00 40 00 00 00  p.\.........@...
  1D21663D6B0  00 00 00 00 00 00 00 00 00 00 00 00 00 00 00 00  ................
  1D21663D6C0  30 00 02 E3 01 00 00 00 C0 DF 63 16 D2 01 00 00  0.........c.....
  1D21663D6D0  48 00 65 00 61 00 6C 00 65 00 72 00 53 00 4B 00  H.e.a.l.e.r.S.K.
  1D21663D6E0  41 00 54 00 45 00 5F 00 47 00 52 00 41 00 00 00  A.T.E._.G.R.A...
  1D21663D6F0  30 00 02 E3 01 00 00 00 00 E5 63 16 D2 01 00 00  0.........c.....
  1D21663D700  40 00 00 00 40 00 00 00 40 00 00 00 40 00 00 00  @...@...@...@...
  1D21663D710  40 00 00 00 40 00 00 00 80 18 A0 9B D2 01 00 00  @...@...........
  1D21663D720  30 00 02 E3 01 00 00 00 50 17 63 16 D2 01 00 00  0.......P.c.....
  1D21663D730  70 8A 5C CF F7 7F 00 00 04 00 00 00 53 00 4B 00  p.\.........S.K.
  1D21663D740  01 00 54 00 45 00 5F 00 46 00 52 00 4F 00 00 00  ..T.E._.F.R.O...
  1D21663D750  30 00 02 E3 01 00 00 00 70 5D 63 16 D2 01 00 00  0.......p]c.....
  1D21663D760  40 00 00 00 40 00 00 00 40 00 00 00 40 00 00 00  @...@...@...@...
  1D21663D770  40 00 00 00 40 00 00 00 C0 78 32 9B D2 01 00 00  @...@....x2.....
  1D21663D780  30 00 02 E3 01 00 00 00 90 4F 63 16 D2 01 00 00  0........Oc.....
  1D21663D790  70 8A 5C CF F7 7F 00 00 02 00 00 00 40 00 00 00  p.\.........@...
  1D21663D7A0  00 00 00 00 00 00 00 00 00 00 00 00 00 00 00 00  ................
  1D21663D7B0  30 00 02 E3 01 00 00 00 50 3B 63 16 D2 01 00 00  0.......P;c.....
  1D21663D7C0  08 00 00 00 08 00 00 00 08 00 00 00 08 00 00 00  ................
  1D21663D7D0  08 00 00 00 08 00 00 00 01 00 04 C8 F7 7F 00 00  ................
  1D21663D7E0  30 00 02 E3 01 00 00 00 E0 17 63 16 D2 01 00 00  0.........c.....
  1D21663D7F0  08 00 00 00 08 00 00 00 08 00 00 00 08 00 00 00  ................
  1D21663D800  08 00 00 00 08 00 00 00 01 00 04 9B D2 01 00 00  ................
  1D21663D810  30 00 02 E3 01 00 00 00 90 7C 63 16 D2 01 00 00  0........|c.....
  1D21663D820  70 8A 5C CF F7 7F 00 00 06 00 00 00 08 00 00 00  p.\.............
  1D21663D830  90 50 DA F8 D3 01 00 00 80 50 DA F8 D3 01 00 00  .P.......P......
  1D21663D840  30 00 02 E3 01 00 00 00 60 31 63 16 D2 01 00 00  0.......`1c.....
  1D21663D850  72 00 65 00 61 00 74 00 65 00 6E 00 69 00 6E 00  r.e.a.t.e.n.i.n.
  1D21663D860  67 00 50 00 6F 00 73 00 65 00 00 00 00 00 00 00  g.P.o.s.e.......
  1D21663D870  30 00 02 E3 01 00 00 00 C0 67 63 16 D2 01 00 00  0........gc.....
  1D21663D880  65 00 74 00 69 00 63 00 73 00 3A 00 53 00 50 00  e.t.i.c.s.:.S.P.
  1D21663D890  52 00 41 00 59 00 5F 00 52 00 49 00 50 00 00 00  R.A.Y._.R.I.P...
  1D21663D8A0  30 00 02 E3 01 00 00 00 B0 E3 63 16 D2 01 00 00  0.........c.....
  1D21663D8B0  40 00 00 00 40 00 00 00 40 00 00 00 40 00 00 00  @...@...@...@...
  1D21663D8C0  40 00 00 00 40 00 00 00 05 00 00 00 07 00 00 00  @...@...........
  1D21663D8D0  30 00 02 E3 01 00 00 00 50 FE 63 16 D2 01 00 00  0.......P.c.....
  1D21663D8E0  40 00 00 00 40 00 00 00 40 00 00 00 40 00 00 00  @...@...@...@...
  1D21663D8F0  40 00 00 00 40 00 00 00 05 00 00 00 07 00 00 00  @...@...........
  1D21663D900  30 00 02 E3 01 00 00 00 A0 CC 63 16 D2 01 00 00  0.........c.....
  1D21663D910  70 8A 5C CF F7 7F 00 00 02 00 00 00 6E 00 41 00  p.\.........n.A.
  1D21663D920  40 70 1A 68 D3 01 00 00 0F 00 00 00 10 00 00 00  @p.h............
  1D21663D930  30 00 02 E3 01 00 00 00 D0 7B 63 16 D2 01 00 00  0........{c.....
  1D21663D940  70 8A 5C CF F7 7F 00 00 02 00 00 00 50 00 49 00  p.\.........P.I.
  1D21663D950  20 5A EF 78 D3 01 00 00 06 00 00 00 08 00 00 00   Z.x............
  1D21663D960  30 00 02 E3 01 00 00 00 30 F7 63 16 D2 01 00 00  0.......0.c.....
  1D21663D970  40 00 00 00 40 00 00 00 40 00 00 00 40 00 00 00  @...@...@...@...
  1D21663D980  40 00 00 00 40 00 00 00 05 00 00 00 07 00 00 00  @...@...........
  1D21663D990  30 00 02 E3 01 00 00 00 C0 EB 63 16 D2 01 00 00  0.........c.....
  1D21663D9A0  08 00 00 00 08 00 00 00 08 00 00 00 08 00 00 00  ................
  1D21663D9B0  08 00 00 00 08 00 00 00 00 00 00 C8 F7 7F 00 00  ................
  1D21663D9C0  30 00 02 E3 01 00 00 00 D0 A2 63 16 D2 01 00 00  0.........c.....
  1D21663D9D0  61 00 6E 00 6B 00 42 00 75 00 72 00 67 00 65 00  a.n.k.B.u.r.g.e.
  1D21663D9E0  72 00 00 00 00 00 00 00 00 00 00 00 00 00 00 00  r...............
  1D21663D9F0  30 00 02 E3 01 00 00 00 B0 35 63 16 D2 01 00 00  0........5c.....
  1D21663DA00  08 00 00 00 08 00 00 00 08 00 00 00 08 00 00 00  ................
  1D21663DA10  08 00 00 00 08 00 00 00 00 23 F3 9B D2 01 00 00  .........#......
  1D21663DA20  30 00 02 E3 01 00 00 00 E0 CE 63 16 D2 01 00 00  0.........c.....
  1D21663DA30  76 00 5F 00 50 00 69 00 6E 00 6B 00 42 00 6C 00  v._.P.i.n.k.B.l.
  1D21663DA40  61 00 63 00 6B 00 00 00 00 55 80 18 D2 01 00 00  a.c.k....U......
  1D21663DA50  18 56 C2 CF F7 7F 00 00 00 00 00 00 00 00 00 00  .V..............
  1D21663DA60  33 10 00 00 00 00 00 00 67 D6 00 00 F8 10 00 00  3.......g.......
  1D21663DA70  C0 82 AF CC F7 7F 00 00 00 00 73 00 74 00 00 00  ..........s.t...
  1D21663DA80  30 00 02 E3 01 00 00 00 90 A3 63 16 D2 01 00 00  0.........c.....
  1D21663DA90  08 00 00 00 08 00 00 00 08 00 00 00 08 00 00 00  ................
  1D21663DAA0  08 00 00 00 08 00 00 00 00 00 01 00 08 00 00 00  ................
  1D21663DAB0  05 00 00 00 D2 01 00 00 00 3A E2 0E D2 01 00 00  .........:......
  1D21663DAC0  00 60 6F 20 47 65 74 44 05 00 00 00 61 79 54 69  .`o GetD....ayTi
  1D21663DAD0  00 1F B9 10 D2 01 00 00 00 20 63 6F 6E 73 74 00  ......... const.
  1D21663DAE0  30 00 02 E3 01 00 00 00 D0 AB 63 16 D2 01 00 00  0.........c.....
  1D21663DAF0  70 8A 5C CF F7 7F 00 00 03 00 00 00 75 00 72 00  p.\.........u.r.
  1D21663DB00  00 00 00 00 00 00 00 00 00 00 67 00 00 00 00 00  ..........g.....
  1D21663DB10  30 00 02 E3 01 00 00 00 30 AC 63 16 D2 01 00 00  0.......0.c.....
  1D21663DB20  40 00 00 00 40 00 00 00 40 00 00 00 40 00 00 00  @...@...@...@...
  1D21663DB30  40 00 00 00 40 00 00 00 40 9E B8 05 D2 01 00 00  @...@...@.......
  1D21663DB40  30 00 02 E3 01 00 00 00 F0 16 63 16 D2 01 00 00  0.........c.....
  1D21663DB50  70 8A 5C CF F7 7F 00 00 05 00 00 00 08 00 00 00  p.\.............
  1D21663DB60  00 00 00 00 00 00 00 00 00 00 00 00 00 00 00 00  ................
  1D21663DB70  B0 D5 66 D0 F7 7F 00 00 01 00 00 00 00 00 00 00  ..f.............
  1D21663DB80  00 48 E8 95 D2 01 00 00 EE 04 00 00 00 00 00 00  .H..............
  1D21663DB90  B0 8C BF 03 D2 01 00 00 B0 8C BF 03 D2 01 00 00  ................
  1D21663DBA0  D8 F9 BC CF F7 7F 00 00 00 00 00 00 00 00 00 00  ................
  1D21663DBB0  DC 0F 00 00 00 00 00 00 3A D6 00 00 DE 10 00 00  ........:.......
  1D21663DBC0  80 D4 74 CD F7 7F 00 00 64 65 78 00 00 00 00 00  ..t.....dex.....
  1D21663DBD0  30 00 02 E3 01 00 00 00 50 D1 63 16 D2 01 00 00  0.......P.c.....
  1D21663DBE0  40 00 00 00 40 00 00 00 40 00 00 00 40 00 00 00  @...@...@...@...
  1D21663DBF0  40 00 00 00 40 00 00 00 80 0F 10 9C D2 01 00 00  @...@...........
  1D21663DC00  D8 F9 BC CF F7 7F 00 00 70 DB 63 16 D2 01 00 00  ........p.c.....
  1D21663DC10  DB 0F 00 00 00 00 00 00 3A D6 00 00 DE 10 00 00  ........:.......
  1D21663DC20  E0 64 74 CD F7 7F 00 00 00 00 00 00 00 00 00 00  .dt.............
  1D21663DC30  D8 F9 BC CF F7 7F 00 00 00 00 00 00 00 00 00 00  ................
  1D21663DC40  DE 0F 00 00 00 00 00 00 3A D6 00 00 DE 10 00 00  ........:.......
  1D21663DC50  A0 6B 74 CD F7 7F 00 00 00 00 00 00 00 00 00 00  .kt.............
  1D21663DC60  00 00 00 00 00 00 00 00 00 00 00 00 FF FF 00 00  ................
  1D21663DC70  00 00 00 00 00 00 00 00 00 00 00 00 00 00 00 00  ................
  1D21663DC80  00 00 00 00 00 00 00 00 00 00 00 00 00 00 00 00  ................
  1D21663DC90  D8 F9 BC CF F7 7F 00 00 00 00 00 00 00 00 00 00  ................
  1D21663DCA0  E1 0F 00 00 00 00 00 00 3A D6 00 00 DE 10 00 00  ........:.......
  1D21663DCB0  E0 9B 73 CD F7 7F 00 00 00 00 00 00 00 00 00 00  ..s.............
  1D21663DCC0  D8 F9 BC CF F7 7F 00 00 00 00 00 00 00 00 00 00  ................
  1D21663DCD0  DD 0F 00 00 00 00 00 00 3A D6 00 00 DE 10 00 00  ........:.......
  1D21663DCE0  00 A5 74 CD F7 7F 00 00 03 00 00 00 00 00 00 00  ..t.............
  1D21663DCF0  80 79 8C CF F7 7F 00 00 00 00 00 00 00 00 00 00  .y..............
  1D21663DD00  E6 0F 00 00 00 00 00 00 43 D6 00 00 E4 10 00 00  ........C.......
  1D21663DD10  B0 C0 79 CD F7 7F 00 00 00 00 00 00 F7 7F 00 00  ..y.............
  1D21663DD20  D8 F9 BC CF F7 7F 00 00 00 00 00 00 00 00 00 00  ................
  1D21663DD30  E0 0F 00 00 00 00 00 00 3A D6 00 00 DE 10 00 00  ........:.......
  1D21663DD40  A0 D5 74 CD F7 7F 00 00 00 00 00 00 00 00 00 00  ..t.............
  1D21663DD50  00 5A 8B CF F7 7F 00 00 00 00 00 00 00 00 00 00  .Z..............
  1D21663DD60  E8 0F 00 00 00 00 00 00 43 D6 00 00 E4 10 00 00  ........C.......
  1D21663DD70  10 76 79 CD F7 7F 00 00 00 00 00 00 F7 7F 00 00  .vy.............
  1D21663DD80  00 5A 8B CF F7 7F 00 00 00 00 00 00 00 00 00 00  .Z..............
  1D21663DD90  E7 0F 00 00 00 00 00 00 43 D6 00 00 E4 10 00 00  ........C.......
  1D21663DDA0  10 76 79 CD F7 7F 00 00 00 00 00 00 F7 7F 00 00  .vy.............
  1D21663DDB0  D8 F9 BC CF F7 7F 00 00 00 00 00 00 00 00 00 00  ................
  1D21663DDC0  E2 0F 00 00 00 00 00 00 3A D6 00 00 DE 10 00 00  ........:.......
  1D21663DDD0  C0 9C 73 CD F7 7F 00 00 00 00 74 00 00 00 00 00  ..s.......t.....
  1D21663DDE0  00 5A 8B CF F7 7F 00 00 00 00 00 00 00 00 00 00  .Z..............
  1D21663DDF0  EB 0F 00 00 00 00 00 00 43 D6 00 00 E4 10 00 00  ........C.......
  1D21663DE00  10 76 79 CD F7 7F 00 00 00 00 00 00 F7 7F 00 00  .vy.............
  1D21663DE10  00 5A 8B CF F7 7F 00 00 00 00 00 00 00 00 00 00  .Z..............
  1D21663DE20  EA 0F 00 00 00 00 00 00 43 D6 00 00 E4 10 00 00  ........C.......
  1D21663DE30  10 76 79 CD F7 7F 00 00 00 00 00 00 F7 7F 00 00  .vy.............
  1D21663DE40  00 5A 8B CF F7 7F 00 00 00 00 00 00 00 00 00 00  .Z..............
  1D21663DE50  E9 0F 00 00 00 00 00 00 43 D6 00 00 E4 10 00 00  ........C.......
  1D21663DE60  10 76 79 CD F7 7F 00 00 00 00 00 00 F7 7F 00 00  .vy.............
  1D21663DE70  78 D8 A2 D0 F7 7F 00 00 00 00 00 00 00 00 00 00  x...............
  1D21663DE80  EE 0F 00 00 00 00 00 00 47 D6 00 00 E6 10 00 00  ........G.......
  1D21663DE90  30 F4 77 CD F7 7F 00 00 00 00 00 00 00 00 00 00  0.w.............
  1D21663DEA0  20 04 F3 CF F7 7F 00 00 00 00 00 00 00 00 00 00   ...............
  1D21663DEB0  F1 0F 00 00 00 00 00 00 4F D6 00 00 E9 10 00 00  ........O.......
  1D21663DEC0  F0 0F 63 CD F7 7F 00 00 00 00 00 00 00 00 00 00  ..c.............
  1D21663DED0  18 A3 72 CF F7 7F 00 00 00 00 00 00 00 00 00 00  ..r.............
  1D21663DEE0  EF 0F 00 00 00 00 00 00 4A D6 00 00 E7 10 00 00  ........J.......
  1D21663DEF0  80 1B 7B CD F7 7F 00 00 65 00 74 00 00 00 00 00  ..{.....e.t.....
  1D21663DF00  30 00 02 E3 01 00 00 00 C0 8B 63 16 D2 01 00 00  0.........c.....
  1D21663DF10  65 00 6C 00 65 00 74 00 6F 00 6E 00 47 00 6F 00  e.l.e.t.o.n.G.o.
  1D21663DF20  6C 00 64 00 69 00 65 00 00 00 00 00 00 00 00 00  l.d.i.e.........
  1D21663DF30  30 00 02 E3 01 00 00 00 90 C7 63 16 D2 01 00 00  0.........c.....
  1D21663DF40  61 00 72 00 72 00 79 00 45 00 79 00 65 00 73 00  a.r.r.y.E.y.e.s.
  1D21663DF50  00 00 00 00 00 00 00 00 05 00 00 00 07 00 00 00  ................
  1D21663DF60  30 00 02 E3 01 00 00 00 40 45 63 16 D2 01 00 00  0.......@Ec.....
  1D21663DF70  40 00 00 00 40 00 00 00 40 00 00 00 40 00 00 00  @...@...@...@...
  1D21663DF80  40 00 00 00 40 00 00 00 80 43 2A F2 D2 01 00 00  @...@....C*.....
  1D21663DF90  30 00 02 E3 01 00 00 00 50 D4 63 16 D2 01 00 00  0.......P.c.....
  1D21663DFA0  70 8A 5C CF F7 7F 00 00 04 00 00 00 40 00 00 00  p.\.........@...
  1D21663DFB0  01 00 00 00 40 00 00 00 E0 12 E7 15 D2 01 00 00  ....@...........
  1D21663DFC0  30 00 02 E3 01 00 00 00 E0 1A 63 16 D2 01 00 00  0.........c.....
  1D21663DFD0  70 8A 5C CF F7 7F 00 00 02 00 00 00 08 00 00 00  p.\.............
  1D21663DFE0  C0 D6 63 16 D2 01 00 00 18 00 00 00 18 00 00 00  ..c.............
  1D21663DFF0  30 00 02 E3 01 00 00 00 40 CF 63 16 D2 01 00 00  0.......@.c.....
  1D21663E000  40 00 00 00 40 00 00 00 40 00 00 00 40 00 00 00  @...@...@...@...
  1D21663E010  40 00 00 00 40 00 00 00 05 00 00 00 07 00 00 00  @...@...........
  1D21663E020  00 00 00 00 00 00 00 00 00 00 00 00 00 00 00 00  ................
  1D21663E030  06 00 00 00 08 00 00 00 01 00 00 04 02 02 00 04  ................
  1D21663E040  00 01 00 05 FF FF FF FF 00 00 00 00 00 00 00 00  ................
  1D21663E050  30 00 02 E3 01 00 00 00 B0 29 63 16 D2 01 00 00  0........)c.....
  1D21663E060  40 00 00 00 40 00 00 00 40 00 00 00 40 00 00 00  @...@...@...@...
  1D21663E070  40 00 00 00 40 00 00 00 00 00 01 00 08 00 00 00  @...@...........
  1D21663E080  00 00 00 00 00 00 00 00 00 00 00 00 00 00 00 00  ................
  1D21663E090  06 00 00 00 08 00 00 00 01 01 00 04 02 03 00 04  ................
  1D21663E0A0  00 0D 00 05 FF FF FF FF 00 00 00 00 00 00 00 00  ................
  1D21663E0B0  30 00 02 E3 01 00 00 00 F0 D6 63 16 D2 01 00 00  0.........c.....
  1D21663E0C0  40 00 00 00 40 00 00 00 40 00 00 00 40 00 00 00  @...@...@...@...
  1D21663E0D0  40 00 00 00 40 00 00 00 18 00 00 00 18 00 00 00  @...@...........
  1D21663E0E0  30 00 02 E3 01 00 00 00 10 21 63 16 D2 01 00 00  0........!c.....
  1D21663E0F0  70 8A 5C CF F7 7F 00 00 02 00 00 00 40 00 00 00  p.\.........@...
  1D21663E100  E0 CB E8 0B D2 01 00 00 2E 00 00 00 30 00 00 00  ............0...
  1D21663E110  30 00 02 E3 01 00 00 00 60 64 63 16 D2 01 00 00  0.......`dc.....
  1D21663E120  70 8A 5C CF F7 7F 00 00 02 00 00 00 08 00 00 00  p.\.............
  1D21663E130  90 40 63 16 D2 01 00 00 18 00 00 00 18 00 00 00  .@c.............
  1D21663E140  30 00 02 E3 01 00 00 00 90 D6 63 16 D2 01 00 00  0.........c.....
  1D21663E150  70 8A 5C CF F7 7F 00 00 02 00 00 00 40 00 00 00  p.\.........@...
  1D21663E160  40 54 EF 78 D3 01 00 00 06 00 00 00 08 00 00 00  @T.x............
  1D21663E170  30 00 02 E3 01 00 00 00 B0 53 63 16 D2 01 00 00  0........Sc.....
  1D21663E180  08 00 00 00 08 00 00 00 08 00 00 00 08 00 00 00  ................
  1D21663E190  08 00 00 00 08 00 00 00 01 00 04 1F D2 01 00 00  ................
  1D21663E1A0  30 00 02 E3 01 00 00 00 A0 5D 63 16 D2 01 00 00  0........]c.....
  1D21663E1B0  40 00 00 00 40 00 00 00 40 00 00 00 40 00 00 00  @...@...@...@...
  1D21663E1C0  40 00 00 00 40 00 00 00 05 00 00 00 07 00 00 00  @...@...........
  1D21663E1D0  30 00 02 E3 01 00 00 00 10 39 63 16 D2 01 00 00  0........9c.....
  1D21663E1E0  70 8A 5C CF F7 7F 00 00 06 00 00 00 08 00 00 00  p.\.............
  1D21663E1F0  70 A3 08 0B D2 01 00 00 60 A3 08 0B D2 01 00 00  p.......`.......
  1D21663E200  30 00 02 E3 01 00 00 00 10 F9 63 16 D2 01 00 00  0.........c.....
  1D21663E210  70 8A 5C CF F7 7F 00 00 04 00 00 00 57 00 49 00  p.\.........W.I.
  1D21663E220  01 00 47 00 45 00 5F 00 43 00 55 00 50 00 00 00  ..G.E._.C.U.P...
  1D21663E230  30 00 02 E3 01 00 00 00 A0 F6 63 16 D2 01 00 00  0.........c.....
  1D21663E240  40 00 00 00 40 00 00 00 40 00 00 00 40 00 00 00  @...@...@...@...
  1D21663E250  40 00 00 00 40 00 00 00 00 34 CE 9B D2 01 00 00  @...@....4......
  1D21663E260  30 00 02 E3 01 00 00 00 20 95 63 16 D2 01 00 00  0....... .c.....
  1D21663E270  70 8A 5C CF F7 7F 00 00 04 00 00 00 08 00 00 00  p.\.............
  1D21663E280  01 00 00 00 08 00 00 00 01 00 04 00 08 00 00 00  ................
  1D21663E290  30 00 02 E3 01 00 00 00 00 00 00 00 00 00 00 00  0...............
  1D21663E2A0  70 8A 5C CF F7 7F 00 00 04 00 00 00 4A 00 54 00  p.\.........J.T.
  1D21663E2B0  01 00 5F 00 52 00 45 00 44 00 00 00 D2 01 00 00  .._.R.E.D.......
  1D21663E2C0  30 00 02 E3 01 00 00 00 30 37 63 16 D2 01 00 00  0.......07c.....
  1D21663E2D0  40 00 00 00 40 00 00 00 40 00 00 00 40 00 00 00  @...@...@...@...
  1D21663E2E0  40 00 00 00 40 00 00 00 80 76 CC 0A D2 01 00 00  @...@....v......
  1D21663E2F0  30 00 02 E3 01 00 00 00 70 CF 63 16 D2 01 00 00  0.......p.c.....
  1D21663E300  40 00 00 00 40 00 00 00 40 00 00 00 40 00 00 00  @...@...@...@...
  1D21663E310  40 00 00 00 40 00 00 00 05 00 00 00 07 00 00 00  @...@...........
  1D21663E320  30 00 02 E3 01 00 00 00 C0 19 63 16 D2 01 00 00  0.........c.....
  1D21663E330  40 00 00 00 40 00 00 00 40 00 00 00 40 00 00 00  @...@...@...@...
  1D21663E340  40 00 00 00 40 00 00 00 05 00 00 00 07 00 00 00  @...@...........
  1D21663E350  30 00 02 E3 01 00 00 00 80 D1 63 16 D2 01 00 00  0.........c.....
  1D21663E360  70 8A 5C CF F7 7F 00 00 02 00 00 00 40 00 00 00  p.\.........@...
  1D21663E370  60 7E EF 78 D3 01 00 00 06 00 00 00 08 00 00 00  `~.x............
  1D21663E380  30 00 02 E3 01 00 00 00 10 0F 63 16 D2 01 00 00  0.........c.....
  1D21663E390  40 00 00 00 40 00 00 00 40 00 00 00 40 00 00 00  @...@...@...@...
  1D21663E3A0  40 00 00 00 40 00 00 00 30 00 00 00 01 00 00 00  @...@...0.......
  1D21663E3B0  30 00 02 E3 01 00 00 00 10 6F 63 16 D2 01 00 00  0........oc.....
  1D21663E3C0  40 00 00 00 40 00 00 00 40 00 00 00 40 00 00 00  @...@...@...@...
  1D21663E3D0  40 00 00 00 40 00 00 00 05 00 00 00 07 00 00 00  @...@...........
  1D21663E3E0  30 00 02 E3 01 00 00 00 20 47 63 16 D2 01 00 00  0....... Gc.....
  1D21663E3F0  40 00 00 00 40 00 00 00 40 00 00 00 40 00 00 00  @...@...@...@...
  1D21663E400  40 00 00 00 40 00 00 00 00 00 00 C8 F7 7F 00 00  @...@...........
  1D21663E410  30 00 02 E3 01 00 00 00 D0 57 63 16 D2 01 00 00  0........Wc.....
  1D21663E420  70 8A 5C CF F7 7F 00 00 06 00 00 00 40 00 00 00  p.\.........@...
  1D21663E430  10 B8 E8 0B D2 01 00 00 00 B8 E8 0B D2 01 00 00  ................
  1D21663E440  30 00 02 E3 01 00 00 00 F0 D9 63 16 D2 01 00 00  0.........c.....
  1D21663E450  40 00 00 00 40 00 00 00 40 00 00 00 40 00 00 00  @...@...@...@...
  1D21663E460  40 00 00 00 40 00 00 00 80 C7 10 9C D2 01 00 00  @...@...........
  1D21663E470  30 00 02 E3 01 00 00 00 B0 B9 63 16 D2 01 00 00  0.........c.....
  1D21663E480  6C 00 74 00 69 00 6E 00 67 00 56 00 69 00 76 00  l.t.i.n.g.V.i.v.
  1D21663E490  65 00 50 00 75 00 70 00 00 00 16 F9 D3 01 00 00  e.P.u.p.........
  1D21663E4A0  30 00 02 E3 01 00 00 00 20 8C 63 16 D2 01 00 00  0....... .c.....
  1D21663E4B0  40 00 00 00 40 00 00 00 40 00 00 00 40 00 00 00  @...@...@...@...
  1D21663E4C0  40 00 00 00 40 00 00 00 E0 12 E7 15 D2 01 00 00  @...@...........
  1D21663E4D0  30 00 02 E3 01 00 00 00 D0 AE 63 16 D2 01 00 00  0.........c.....
  1D21663E4E0  40 00 00 00 40 00 00 00 40 00 00 00 40 00 00 00  @...@...@...@...
  1D21663E4F0  40 00 00 00 40 00 00 00 80 D8 A8 9B D2 01 00 00  @...@...........
  1D21663E500  30 00 02 E3 01 00 00 00 60 04 63 16 D2 01 00 00  0.......`.c.....
  1D21663E510  65 00 74 00 69 00 63 00 73 00 3A 00 57 00 49 00  e.t.i.c.s.:.W.I.
  1D21663E520  53 00 50 00 5F 00 46 00 69 00 73 00 68 00 00 00  S.P._.F.i.s.h...
  1D21663E530  D8 F9 BC CF F7 7F 00 00 00 00 00 00 00 00 00 00  ................
  1D21663E540  CD 0F 00 00 00 00 00 00 3A D6 00 00 DE 10 00 00  ........:.......
  1D21663E550  90 64 74 CD F7 7F 00 00 00 00 00 00 00 00 00 00  .dt.............
  1D21663E560  F0 EB 38 8B B3 D1 A2 45 8B 95 B4 15 28 BB 4B 67  ..8....E....(.Kg
  1D21663E570  05 F7 02 00 33 F6 FF 7F 00 93 DF 72 D3 01 00 00  ....3......r....
  1D21663E580  00 F6 23 22 D2 01 00 00 00 00 00 00 00 00 80 3F  ..#"...........?
  1D21663E590  50 1E A4 D0 F7 7F 00 00 00 00 00 00 00 00 00 00  P...............
  1D21663E5A0  CC 0F 00 00 00 00 00 00 3A D6 00 00 DE 10 00 00  ........:.......
  1D21663E5B0  50 57 74 CD F7 7F 00 00 65 00 00 00 00 00 00 00  PWt.....e.......
  1D21663E5C0  44 00 65 00 66 00 61 00 75 00 6C 00 74 00 20 00  D.e.f.a.u.l.t. .
  1D21663E5D0  53 00 79 00 73 00 74 00 65 00 6D 00 20 00 44 00  S.y.s.t.e.m. .D.
  1D21663E5E0  65 00 76 00 69 00 63 00 65 00 00 00 00 00 00 00  e.v.i.c.e.......
  1D21663E5F0  C8 95 A3 D0 F7 7F 00 00 00 00 00 00 00 00 00 00  ................
  1D21663E600  CE 0F 00 00 00 00 00 00 3A D6 00 00 DE 10 00 00  ........:.......
  1D21663E610  F0 57 74 CD F7 7F 00 00 00 00 00 00 00 00 00 00  .Wt.............
  1D21663E620  C8 95 A3 D0 F7 7F 00 00 00 00 00 00 00 00 00 00  ................
  1D21663E630  CF 0F 00 00 00 00 00 00 3A D6 00 00 DE 10 00 00  ........:.......
  1D21663E640  70 75 74 CD F7 7F 00 00 00 00 00 00 00 00 00 00  put.............
  1D21663E650  D8 F9 BC CF F7 7F 00 00 00 00 00 00 00 00 00 00  ................
  1D21663E660  D0 0F 00 00 00 00 00 00 3A D6 00 00 DE 10 00 00  ........:.......
  1D21663E670  00 97 74 CD F7 7F 00 00 0D 00 00 00 0F 00 00 00  ..t.............
  1D21663E680  D8 F9 BC CF F7 7F 00 00 00 00 00 00 00 00 00 00  ................
  1D21663E690  E3 0F 00 00 00 00 00 00 3D D6 00 00 E0 10 00 00  ........=.......
  1D21663E6A0  A0 D3 74 CD F7 7F 00 00 65 00 00 00 00 00 00 00  ..t.....e.......
  1D21663E6B0  D8 F9 BC CF F7 7F 00 00 00 00 00 00 00 00 00 00  ................
  1D21663E6C0  DF 0F 00 00 00 00 00 00 3A D6 00 00 DE 10 00 00  ........:.......
  1D21663E6D0  B0 D5 74 CD F7 7F 00 00 00 00 00 00 00 00 00 00  ..t.............
  1D21663E6E0  D8 F9 BC CF F7 7F 00 00 00 00 00 00 00 00 00 00  ................
  1D21663E6F0  D2 0F 00 00 00 00 00 00 3A D6 00 00 DE 10 00 00  ........:.......
  1D21663E700  60 4A 74 CD F7 7F 00 00 6F 00 72 00 6D 00 00 00  `Jt.....o.r.m...
  1D21663E710  D8 F9 BC CF F7 7F 00 00 00 00 00 00 00 00 00 00  ................
  1D21663E720  D3 0F 00 00 00 00 00 00 3A D6 00 00 DE 10 00 00  ........:.......
  1D21663E730  60 4A 74 CD F7 7F 00 00 6F 00 72 00 6D 00 00 00  `Jt.....o.r.m...
  1D21663E740  D8 F9 BC CF F7 7F 00 00 00 00 00 00 00 00 00 00  ................
  1D21663E750  D5 0F 00 00 00 00 00 00 3A D6 00 00 DE 10 00 00  ........:.......
  1D21663E760  E0 74 74 CD F7 7F 00 00 00 00 00 00 00 00 00 00  .tt.............
  1D21663E770  D8 F9 BC CF F7 7F 00 00 00 00 00 00 00 00 00 00  ................
  1D21663E780  D1 0F 00 00 00 00 00 00 3A D6 00 00 DE 10 00 00  ........:.......
  1D21663E790  20 93 74 CD F7 7F 00 00 73 00 72 00 6D 00 00 00   .t.....s.r.m...
  1D21663E7A0  D8 F9 BC CF F7 7F 00 00 00 00 00 00 00 00 00 00  ................
  1D21663E7B0  D4 0F 00 00 00 00 00 00 3A D6 00 00 DE 10 00 00  ........:.......
  1D21663E7C0  80 70 74 CD F7 7F 00 00 00 60 6E 73 74 00 00 00  .pt......`nst...
  1D21663E7D0  D8 F9 BC CF F7 7F 00 00 00 00 00 00 00 00 00 00  ................
  1D21663E7E0  D6 0F 00 00 00 00 00 00 3A D6 00 00 DE 10 00 00  ........:.......
  1D21663E7F0  10 72 74 CD F7 7F 00 00 00 00 00 00 00 00 00 00  .rt.............
  1D21663E800  D8 F9 BC CF F7 7F 00 00 00 00 00 00 00 00 00 00  ................
  1D21663E810  D9 0F 00 00 00 00 00 00 3A D6 00 00 DE 10 00 00  ........:.......
  1D21663E820  B0 64 74 CD F7 7F 00 00 00 00 00 00 00 00 00 00  .dt.............
  1D21663E830  D8 F9 BC CF F7 7F 00 00 00 00 00 00 00 00 00 00  ................
  1D21663E840  D7 0F 00 00 00 00 00 00 3A D6 00 00 DE 10 00 00  ........:.......
  1D21663E850  50 3F 74 CD F7 7F 00 00 29 00 00 00 00 00 00 00  P?t.....).......
  1D21663E860  D8 F9 BC CF F7 7F 00 00 00 00 00 00 00 00 00 00  ................
  1D21663E870  D8 0F 00 00 00 00 00 00 3A D6 00 00 DE 10 00 00  ........:.......
  1D21663E880  A0 C4 74 CD F7 7F 00 00 01 00 00 00 00 00 00 00  ..t.............
  1D21663E890  30 00 02 E3 01 00 00 00 F0 49 63 16 D2 01 00 00  0........Ic.....
  1D21663E8A0  40 00 00 00 40 00 00 00 40 00 00 00 40 00 00 00  @...@...@...@...
  1D21663E8B0  40 00 00 00 40 00 00 00 05 00 00 00 07 00 00 00  @...@...........
  1D21663E8C0  30 00 02 E3 01 00 00 00 D0 30 63 16 D2 01 00 00  0........0c.....
  1D21663E8D0  70 8A 5C CF F7 7F 00 00 02 00 00 00 08 00 00 00  p.\.............
  1D21663E8E0  00 46 EF 78 D3 01 00 00 06 00 00 00 08 00 00 00  .F.x............
  1D21663E8F0  C0 F0 00 00 EB 13 00 00 EC 13 00 00 ED 13 00 00  ................
  1D21663E900  EE 13 00 00 EF 13 00 00 F0 13 00 00 F1 13 00 00  ................
  1D21663E910  F2 13 00 00 F3 13 00 00 00 00 00 00 00 00 00 00  ................
  1D21663E920  D8 F9 BC CF F7 7F 00 00 00 00 00 00 00 00 00 00  ................
  1D21663E930  DA 0F 00 00 00 00 00 00 3A D6 00 00 DE 10 00 00  ........:.......
  1D21663E940  00 68 74 CD F7 7F 00 00 65 00 00 00 6B 00 00 00  .ht.....e...k...
  1D21663E950  30 00 02 E3 01 00 00 00 20 FE 63 16 D2 01 00 00  0....... .c.....
  1D21663E960  40 00 00 00 40 00 00 00 40 00 00 00 40 00 00 00  @...@...@...@...
  1D21663E970  40 00 00 00 40 00 00 00 00 D7 E7 68 D3 01 00 00  @...@......h....
  1D21663E980  30 00 02 E3 01 00 00 00 B0 44 63 16 D2 01 00 00  0........Dc.....
  1D21663E990  70 8A 5C CF F7 7F 00 00 03 00 00 00 40 00 00 00  p.\.........@...
  1D21663E9A0  00 00 00 00 00 00 00 00 40 FB FD 99 D2 01 00 00  ........@.......
  1D21663E9B0  30 00 02 E3 01 00 00 00 70 D2 63 16 D2 01 00 00  0.......p.c.....
  1D21663E9C0  70 8A 5C CF F7 7F 00 00 02 00 00 00 40 00 00 00  p.\.........@...
  1D21663E9D0  60 F7 43 58 D2 01 00 00 2C 00 00 00 30 00 00 00  `.CX....,...0...
  1D21663E9E0  30 00 02 E3 01 00 00 00 F0 13 63 16 D2 01 00 00  0.........c.....
  1D21663E9F0  48 00 65 00 61 00 6C 00 65 00 72 00 4A 00 54 00  H.e.a.l.e.r.J.T.
  1D21663EA00  57 00 5F 00 47 00 52 00 45 00 00 00 D3 01 00 00  W._.G.R.E.......
  1D21663EA10  30 00 02 E3 01 00 00 00 10 1E 63 16 D2 01 00 00  0.........c.....
  1D21663EA20  40 00 00 00 40 00 00 00 40 00 00 00 40 00 00 00  @...@...@...@...
  1D21663EA30  40 00 00 00 40 00 00 00 00 D2 CE 9B D2 01 00 00  @...@...........
  1D21663EA40  30 00 02 E3 01 00 00 00 60 1C 63 16 D2 01 00 00  0.......`.c.....
  1D21663EA50  65 00 74 00 69 00 63 00 73 00 3A 00 57 00 49 00  e.t.i.c.s.:.W.I.
  1D21663EA60  53 00 50 00 5F 00 52 00 61 00 74 00 00 00 00 00  S.P._.R.a.t.....
  1D21663EA70  30 00 02 E3 01 00 00 00 D0 03 63 16 D2 01 00 00  0.........c.....
  1D21663EA80  70 8A 5C CF F7 7F 00 00 06 00 00 00 74 00 65 00  p.\.........t.e.
  1D21663EA90  90 8C 33 97 D2 01 00 00 80 8C 33 97 D2 01 00 00  ..3.......3.....
  1D21663EAA0  30 00 02 E3 01 00 00 00 00 FA 63 16 D2 01 00 00  0.........c.....
  1D21663EAB0  70 8A 5C CF F7 7F 00 00 02 00 00 00 74 00 5F 00  p.\.........t._.
  1D21663EAC0  00 00 00 00 00 00 00 00 00 00 00 00 00 00 00 00  ................
  1D21663EAD0  30 00 02 E3 01 00 00 00 50 E3 63 16 D2 01 00 00  0.......P.c.....
  1D21663EAE0  70 8A 5C CF F7 7F 00 00 06 00 00 00 40 00 00 00  p.\.........@...
  1D21663EAF0  D0 A6 AE 6E D3 01 00 00 C0 A6 AE 6E D3 01 00 00  ...n.......n....
  1D21663EB00  00 00 00 00 00 00 00 00 00 00 00 00 00 00 00 00  ................
  1D21663EB10  50 D4 90 0C D2 01 00 00 40 D4 90 0C D2 01 00 00  P.......@.......
  1D21663EB20  00 00 6F 00 72 00 00 00 00 00 00 00 00 00 00 00  ..o.r...........
  1D21663EB30  30 00 02 E3 01 00 00 00 D0 DB 63 16 D2 01 00 00  0.........c.....
  1D21663EB40  40 00 00 00 40 00 00 00 40 00 00 00 40 00 00 00  @...@...@...@...
  1D21663EB50  40 00 00 00 40 00 00 00 05 00 00 00 07 00 00 00  @...@...........
  1D21663EB60  30 00 02 E3 01 00 00 00 C0 10 63 16 D2 01 00 00  0.........c.....
  1D21663EB70  08 00 00 00 08 00 00 00 08 00 00 00 08 00 00 00  ................
  1D21663EB80  08 00 00 00 08 00 00 00 20 F1 16 F9 D3 01 00 00  ........ .......
  1D21663EB90  30 00 02 E3 01 00 00 00 60 3D 63 16 D2 01 00 00  0.......`=c.....
  1D21663EBA0  40 00 00 00 40 00 00 00 40 00 00 00 40 00 00 00  @...@...@...@...
  1D21663EBB0  40 00 00 00 40 00 00 00 00 AE E5 9B D2 01 00 00  @...@...........
  1D21663EBC0  30 00 02 E3 01 00 00 00 20 0B 63 16 D2 01 00 00  0....... .c.....
  1D21663EBD0  40 00 00 00 40 00 00 00 40 00 00 00 40 00 00 00  @...@...@...@...
  1D21663EBE0  40 00 00 00 40 00 00 00 40 DA F3 9B D2 01 00 00  @...@...@.......
  1D21663EBF0  30 00 02 E3 01 00 00 00 F0 2B 63 16 D2 01 00 00  0........+c.....
  1D21663EC00  40 00 00 00 40 00 00 00 40 00 00 00 40 00 00 00  @...@...@...@...
  1D21663EC10  40 00 00 00 40 00 00 00 20 F1 16 F9 D3 01 00 00  @...@... .......
  1D21663EC20  30 00 02 E3 01 00 00 00 70 99 63 16 D2 01 00 00  0.......p.c.....
  1D21663EC30  40 00 00 00 40 00 00 00 40 00 00 00 40 00 00 00  @...@...@...@...
  1D21663EC40  40 00 00 00 40 00 00 00 00 00 BE 97 D3 01 00 00  @...@...........
  1D21663EC50  30 00 02 E3 01 00 00 00 D0 2D 63 16 D2 01 00 00  0........-c.....
  1D21663EC60  70 8A 5C CF F7 7F 00 00 03 00 00 00 56 00 6F 00  p.\.........V.o.
  1D21663EC70  00 00 00 00 00 00 00 00 55 00 4E 00 48 00 00 00  ........U.N.H...
  1D21663EC80  30 00 02 E3 01 00 00 00 70 54 63 16 D2 01 00 00  0.......pTc.....
  1D21663EC90  40 00 00 00 40 00 00 00 40 00 00 00 40 00 00 00  @...@...@...@...
  1D21663ECA0  40 00 00 00 40 00 00 00 00 00 00 C8 F7 7F 00 00  @...@...........
  1D21663ECB0  D8 F9 BC CF F7 7F 00 00 00 00 00 00 00 00 00 00  ................
  1D21663ECC0  FB 0F 00 00 00 00 00 00 55 D6 00 00 ED 10 00 00  ........U.......
  1D21663ECD0  F0 6B 79 CD F7 7F 00 00 00 00 00 00 00 00 00 00  .ky.............
  1D21663ECE0  20 04 F3 CF F7 7F 00 00 00 00 00 00 00 00 00 00   ...............
  1D21663ECF0  F9 0F 00 00 00 00 00 00 4F D6 00 00 E9 10 00 00  ........O.......
  1D21663ED00  30 32 62 CD F7 7F 00 00 6C 61 74 65 29 00 00 00  02b.....late)...
  1D21663ED10  D8 F9 BC CF F7 7F 00 00 00 00 00 00 00 00 00 00  ................
  1D21663ED20  FD 0F 00 00 00 00 00 00 55 D6 00 00 ED 10 00 00  ........U.......
  1D21663ED30  F0 6B 79 CD F7 7F 00 00 00 00 00 00 00 00 00 00  .ky.............
  1D21663ED40  D8 F9 BC CF F7 7F 00 00 00 00 00 00 00 00 00 00  ................
  1D21663ED50  FA 0F 00 00 00 00 00 00 50 D6 00 00 EA 10 00 00  ........P.......
  1D21663ED60  20 76 6B CD F7 7F 00 00 00 60 74 65 29 00 00 00   vk......`te)...
  1D21663ED70  2F 00 6D 00 61 00 69 00 6C 00 62 00 6F 00 78 00  /.m.a.i.l.b.o.x.
  1D21663ED80  2F 00 70 00 6C 00 61 00 79 00 65 00 72 00 73 00  /.p.l.a.y.e.r.s.
  1D21663ED90  2F 00 00 00 6D 00 00 00 00 00 00 00 00 00 00 00  /...m...........
  1D21663EDA0  D8 F9 BC CF F7 7F 00 00 00 00 00 00 00 00 00 00  ................
  1D21663EDB0  FC 0F 00 00 00 00 00 00 55 D6 00 00 ED 10 00 00  ........U.......
  1D21663EDC0  20 6D 79 CD F7 7F 00 00 04 00 00 00 00 00 00 00   my.............
  1D21663EDD0  30 00 02 E3 01 00 00 00 10 CF 63 16 D2 01 00 00  0.........c.....
  1D21663EDE0  70 8A 5C CF F7 7F 00 00 03 00 00 00 08 00 00 00  p.\.............
  1D21663EDF0  00 00 00 00 00 00 00 00 04 00 51 8B D2 01 00 00  ..........Q.....
  1D21663EE00  D8 F9 BC CF F7 7F 00 00 00 00 00 00 00 00 00 00  ................
  1D21663EE10  FE 0F 00 00 00 00 00 00 55 D6 00 00 ED 10 00 00  ........U.......
  1D21663EE20  20 6D 79 CD F7 7F 00 00 00 00 00 00 00 00 00 00   my.............
  1D21663EE30  F8 14 A4 D0 F7 7F 00 00 00 00 00 00 00 00 00 00  ................
  1D21663EE40  BE 0F 00 00 00 00 00 00 34 D6 00 00 DD 10 00 00  ........4.......
  1D21663EE50  00 79 81 1A D2 01 00 00 00 00 00 00 00 00 00 00  .y..............
  1D21663EE60  60 15 A4 D0 F7 7F 00 00 00 00 00 00 00 00 00 00  `...............
  1D21663EE70  BF 0F 00 00 00 00 00 00 34 D6 00 00 DD 10 00 00  ........4.......
  1D21663EE80  00 79 81 1A D2 01 00 00 00 00 00 00 00 00 00 00  .y..............
  1D21663EE90  60 15 A4 D0 F7 7F 00 00 00 00 00 00 00 00 00 00  `...............
  1D21663EEA0  C0 0F 00 00 00 00 00 00 34 D6 00 00 DD 10 00 00  ........4.......
  1D21663EEB0  00 79 81 1A D2 01 00 00 65 00 00 00 00 00 00 00  .y......e.......
  1D21663EEC0  90 14 A4 D0 F7 7F 00 00 D0 ED 63 16 D2 01 00 00  ..........c.....
  1D21663EED0  BC 0F 00 00 00 00 00 00 34 D6 00 00 DD 10 00 00  ........4.......
  1D21663EEE0  00 79 81 1A D2 01 00 00 04 00 00 00 72 29 00 00  .y..........r)..
  1D21663EEF0  30 00 02 E3 01 00 00 00 E0 50 63 16 D2 01 00 00  0........Pc.....
  1D21663EF00  40 00 00 00 40 00 00 00 40 00 00 00 40 00 00 00  @...@...@...@...
  1D21663EF10  40 00 00 00 40 00 00 00 18 00 00 00 18 00 00 00  @...@...........
  1D21663EF20  00 00 00 00 00 00 00 00 00 00 00 00 00 00 00 00  ................
  1D21663EF30  A0 0C 56 0C D2 01 00 00 90 0C 56 0C D2 01 00 00  ..V.......V.....
  1D21663EF40  00 00 6F 6E 65 6E 74 00 00 00 00 00 00 00 00 00  ..onent.........
  1D21663EF50  30 16 A4 D0 F7 7F 00 00 00 00 00 00 00 00 00 00  0...............
  1D21663EF60  C3 0F 00 00 00 00 00 00 34 D6 00 00 DD 10 00 00  ........4.......
  1D21663EF70  00 79 81 1A D2 01 00 00 00 00 00 00 00 00 00 00  .y..............
  1D21663EF80  30 16 A4 D0 F7 7F 00 00 00 00 00 00 00 00 00 00  0...............
  1D21663EF90  C2 0F 00 00 00 00 00 00 34 D6 00 00 DD 10 00 00  ........4.......
  1D21663EFA0  00 79 81 1A D2 01 00 00 02 00 00 00 00 00 00 00  .y..............
  1D21663EFB0  C8 15 A4 D0 F7 7F 00 00 00 00 00 00 00 00 00 00  ................
  1D21663EFC0  C1 0F 00 00 00 00 00 00 34 D6 00 00 DD 10 00 00  ........4.......
  1D21663EFD0  00 79 81 1A D2 01 00 00 6E 00 00 00 00 00 00 00  .y......n.......
  1D21663EFE0  00 17 A4 D0 F7 7F 00 00 00 00 00 00 00 00 00 00  ................
  1D21663EFF0  C6 0F 00 00 00 00 00 00 34 D6 00 00 DD 10 00 00  ........4.......
  1D21663F000  00 79 81 1A D2 01 00 00 65 72 00 00 00 00 00 00  .y......er......
  1D21663F010  98 16 A4 D0 F7 7F 00 00 00 00 00 00 00 00 00 00  ................
  1D21663F020  C5 0F 00 00 00 00 00 00 34 D6 00 00 DD 10 00 00  ........4.......
  1D21663F030  00 79 81 1A D2 01 00 00 04 00 00 00 00 00 00 00  .y..............
  1D21663F040  30 16 A4 D0 F7 7F 00 00 00 00 00 00 00 00 00 00  0...............
  1D21663F050  C4 0F 00 00 00 00 00 00 34 D6 00 00 DD 10 00 00  ........4.......
  1D21663F060  00 79 81 1A D2 01 00 00 00 00 00 00 00 00 00 00  .y..............
  1D21663F070  90 14 A4 D0 F7 7F 00 00 00 00 00 00 00 00 00 00  ................
  1D21663F080  BD 0F 00 00 00 00 00 00 34 D6 00 00 DD 10 00 00  ........4.......
  1D21663F090  00 79 81 1A D2 01 00 00 73 00 00 00 73 74 00 00  .y......s...st..
  1D21663F0A0  30 00 02 E3 01 00 00 00 50 44 63 16 D2 01 00 00  0.......PDc.....
  1D21663F0B0  40 00 00 00 40 00 00 00 40 00 00 00 40 00 00 00  @...@...@...@...
  1D21663F0C0  40 00 00 00 40 00 00 00 C0 45 B5 9B D2 01 00 00  @...@....E......
  1D21663F0D0  18 F1 00 00 EB 13 00 00 EC 13 00 00 ED 13 00 00  ................
  1D21663F0E0  EE 13 00 00 EF 13 00 00 F0 13 00 00 F1 13 00 00  ................
  1D21663F0F0  F2 13 00 00 F3 13 00 00 74 00 65 00 00 00 00 00  ........t.e.....
  1D21663F100  38 18 A4 D0 F7 7F 00 00 00 00 00 00 00 00 00 00  8...............
  1D21663F110  C9 0F 00 00 00 00 00 00 34 D6 00 00 DD 10 00 00  ........4.......
  1D21663F120  00 79 81 1A D2 01 00 00 00 00 00 00 00 00 00 00  .y..............
  1D21663F130  D0 17 A4 D0 F7 7F 00 00 00 00 00 00 00 00 00 00  ................
  1D21663F140  C8 0F 00 00 00 00 00 00 34 D6 00 00 DD 10 00 00  ........4.......
  1D21663F150  00 79 81 1A D2 01 00 00 00 00 00 00 00 00 00 00  .y..............
  1D21663F160  68 17 A4 D0 F7 7F 00 00 00 00 00 00 00 00 00 00  h...............
  1D21663F170  C7 0F 00 00 00 00 00 00 34 D6 00 00 DD 10 00 00  ........4.......
  1D21663F180  00 79 81 1A D2 01 00 00 00 00 00 00 00 00 00 00  .y..............
  1D21663F190  18 A3 72 CF F7 7F 00 00 00 00 00 00 00 00 00 00  ..r.............
  1D21663F1A0  AC 0F 00 00 00 00 00 00 1F D6 00 00 D4 10 00 00  ................
  1D21663F1B0  F0 A2 6B CD F7 7F 00 00 00 00 77 00 00 00 00 00  ..k.......w.....
  1D21663F1C0  D8 F9 BC CF F7 7F 00 00 00 00 00 00 00 00 00 00  ................
  1D21663F1D0  AF 0F 00 00 00 00 00 00 20 D6 00 00 D5 10 00 00  ........ .......
  1D21663F1E0  70 9B 74 CD F7 7F 00 00 04 00 77 00 73 00 00 00  p.t.......w.s...
  1D21663F1F0  30 00 02 E3 01 00 00 00 F0 25 63 16 D2 01 00 00  0........%c.....
  1D21663F200  40 00 00 00 40 00 00 00 40 00 00 00 40 00 00 00  @...@...@...@...
  1D21663F210  40 00 00 00 40 00 00 00 40 2E AD 9B D2 01 00 00  @...@...@.......
  1D21663F220  2F 00 62 00 65 00 68 00 61 00 76 00 69 00 6F 00  /.b.e.h.a.v.i.o.
  1D21663F230  72 00 2F 00 70 00 6C 00 61 00 79 00 65 00 72 00  r./.p.l.a.y.e.r.
  1D21663F240  2F 00 00 00 F7 7F 00 00 00 00 00 00 00 00 00 00  /...............
  1D21663F250  D8 F9 BC CF F7 7F 00 00 00 00 00 00 00 00 00 00  ................
  1D21663F260  B0 0F 00 00 00 00 00 00 20 D6 00 00 D5 10 00 00  ........ .......
  1D21663F270  E0 98 74 CD F7 7F 00 00 03 00 00 00 00 00 00 00  ..t.............
  1D21663F280  78 D8 A2 D0 F7 7F 00 00 00 00 00 00 00 00 00 00  x...............
  1D21663F290  B1 0F 00 00 00 00 00 00 20 D6 00 00 D5 10 00 00  ........ .......
  1D21663F2A0  20 12 75 CD F7 7F 00 00 00 00 00 00 00 00 00 00   .u.............
  1D21663F2B0  CD F1 00 00 EB 13 00 00 EC 13 00 00 ED 13 00 00  ................
  1D21663F2C0  EE 13 00 00 EF 13 00 00 F0 13 00 00 F1 13 00 00  ................
  1D21663F2D0  F2 13 00 00 F3 13 00 00 69 00 63 00 00 00 00 00  ........i.c.....
  1D21663F2E0  D8 F9 BC CF F7 7F 00 00 00 00 00 00 00 00 00 00  ................
  1D21663F2F0  B5 0F 00 00 00 00 00 00 2F D6 00 00 DA 10 00 00  ......../.......
  1D21663F300  00 C5 62 CD F7 7F 00 00 03 00 00 00 00 00 00 00  ..b.............
  1D21663F310  78 D8 A2 D0 F7 7F 00 00 00 00 00 00 00 00 00 00  x...............
  1D21663F320  B3 0F 00 00 00 00 00 00 26 D6 00 00 D6 10 00 00  ........&.......
  1D21663F330  F0 6C 63 CD F7 7F 00 00 03 00 00 00 00 00 00 00  .lc.............
  1D21663F340  18 99 F6 CF F7 7F 00 00 00 00 00 00 00 00 00 00  ................
  1D21663F350  B6 0F 00 00 00 00 00 00 31 D6 00 00 DB 10 00 00  ........1.......
  1D21663F360  D0 BA 79 CD F7 7F 00 00 00 00 00 00 00 00 00 00  ..y.............
  1D21663F370  78 D8 A2 D0 F7 7F 00 00 00 00 00 00 00 00 00 00  x...............
  1D21663F380  B2 0F 00 00 00 00 00 00 20 D6 00 00 D5 10 00 00  ........ .......
  1D21663F390  00 14 75 CD F7 7F 00 00 6E 53 74 72 69 6E 67 29  ..u.....nString)
  1D21663F3A0  78 D8 A2 D0 F7 7F 00 00 00 00 00 00 00 00 00 00  x...............
  1D21663F3B0  B4 0F 00 00 00 00 00 00 2A D6 00 00 D8 10 00 00  ........*.......
  1D21663F3C0  30 D7 74 CD F7 7F 00 00 03 20 65 78 74 29 00 00  0.t...... ext)..
  1D21663F3D0  F8 8F A4 D0 F7 7F 00 00 00 00 00 00 00 00 00 00  ................
  1D21663F3E0  B7 0F 00 00 00 00 00 00 31 D6 00 00 DB 10 00 00  ........1.......
  1D21663F3F0  E0 A1 79 CD F7 7F 00 00 03 20 00 78 74 29 00 00  ..y...... .xt)..
  1D21663F400  72 00 65 00 76 00 69 00 76 00 61 00 6C 00 2D 00  r.e.v.i.v.a.l.-.
  1D21663F410  71 00 75 00 65 00 75 00 65 00 73 00 2D 00 76 00  q.u.e.u.e.s.-.v.
  1D21663F420  31 00 00 00 00 00 00 00 00 00 00 00 00 00 00 00  1...............
  1D21663F430  D8 F9 BC CF F7 7F 00 00 00 00 00 00 00 00 00 00  ................
  1D21663F440  E3 0F 00 00 00 00 00 00 3D D6 00 00 E0 10 00 00  ........=.......
  1D21663F450  A0 D3 74 CD F7 7F 00 00 00 00 00 00 00 00 00 00  ..t.............
  1D21663F460  80 79 8C CF F7 7F 00 00 00 00 00 00 00 00 00 00  .y..............
  1D21663F470  B9 0F 00 00 00 00 00 00 34 D6 00 00 DD 10 00 00  ........4.......
  1D21663F480  E0 C2 75 CD F7 7F 00 00 00 00 00 00 00 00 00 00  ..u.............
  1D21663F490  80 79 8C CF F7 7F 00 00 00 00 00 00 00 00 00 00  .y..............
  1D21663F4A0  B8 0F 00 00 00 00 00 00 34 D6 00 00 DD 10 00 00  ........4.......
  1D21663F4B0  A0 1F 75 CD F7 7F 00 00 00 00 00 00 C8 6C F5 E3  ..u..........l..
  1D21663F4C0  78 D8 A2 D0 F7 7F 00 00 00 00 00 00 00 00 00 00  x...............
  1D21663F4D0  CA 0F 00 00 00 00 00 00 3A D6 00 00 DE 10 00 00  ........:.......
  1D21663F4E0  10 AB 71 CD F7 7F 00 00 00 00 00 00 00 00 00 3F  ..q............?
  1D21663F4F0  80 79 8C CF F7 7F 00 00 00 00 00 00 00 00 00 00  .y..............
  1D21663F500  BA 0F 00 00 00 00 00 00 34 D6 00 00 DD 10 00 00  ........4.......
  1D21663F510  10 F7 74 CD F7 7F 00 00 00 00 00 00 00 00 00 3F  ..t............?
  1D21663F520  28 14 A4 D0 F7 7F 00 00 00 00 00 00 00 00 00 00  (...............
  1D21663F530  BB 0F 00 00 00 00 00 00 34 D6 00 00 DD 10 00 00  ........4.......
  1D21663F540  00 79 81 1A D2 01 00 00 6E 65 00 49 6E 29 00 00  .y......ne.In)..
  1D21663F550  18 A3 72 CF F7 7F 00 00 00 00 00 00 00 00 00 00  ..r.............
  1D21663F560  CB 0F 00 00 00 00 00 00 3A D6 00 00 DE 10 00 00  ........:.......
  1D21663F570  80 57 74 CD F7 7F 00 00 00 00 00 00 00 00 00 3F  .Wt............?
  1D21663F580  44 00 65 00 66 00 61 00 75 00 6C 00 74 00 20 00  D.e.f.a.u.l.t. .
  1D21663F590  53 00 79 00 73 00 74 00 65 00 6D 00 20 00 44 00  S.y.s.t.e.m. .D.
  1D21663F5A0  65 00 76 00 69 00 63 00 65 00 00 00 00 00 00 00  e.v.i.c.e.......
  1D21663F5B0  30 00 02 E3 01 00 00 00 20 4D 63 16 D2 01 00 00  0....... Mc.....
  1D21663F5C0  08 00 00 00 08 00 00 00 08 00 00 00 08 00 00 00  ................
  1D21663F5D0  08 00 00 00 08 00 00 00 20 F1 16 F9 D3 01 00 00  ........ .......
  1D21663F5E0  30 00 02 E3 01 00 00 00 40 F6 63 16 D2 01 00 00  0.......@.c.....
  1D21663F5F0  48 00 65 00 61 00 6C 00 65 00 72 00 57 00 49 00  H.e.a.l.e.r.W.I.
  1D21663F600  4E 00 47 00 45 00 5F 00 4C 00 55 00 58 00 00 00  N.G.E._.L.U.X...
  1D21663F610  30 00 02 E3 01 00 00 00 20 EC 63 16 D2 01 00 00  0....... .c.....
  1D21663F620  08 00 00 00 08 00 00 00 08 00 00 00 08 00 00 00  ................
  1D21663F630  08 00 00 00 08 00 00 00 00 00 01 00 08 00 00 00  ................
  1D21663F640  30 00 02 E3 01 00 00 00 40 96 63 16 D2 01 00 00  0.......@.c.....
  1D21663F650  70 8A 5C CF F7 7F 00 00 02 00 00 00 40 00 00 00  p.\.........@...
  1D21663F660  E0 F5 63 16 D2 01 00 00 18 00 00 00 18 00 00 00  ..c.............
  1D21663F670  30 00 02 E3 01 00 00 00 D0 60 63 16 D2 01 00 00  0........`c.....
  1D21663F680  48 00 65 00 61 00 6C 00 65 00 72 00 53 00 4B 00  H.e.a.l.e.r.S.K.
  1D21663F690  41 00 54 00 45 00 5F 00 45 00 4D 00 4F 00 00 00  A.T.E._.E.M.O...
  1D21663F6A0  30 00 02 E3 01 00 00 00 50 02 63 16 D2 01 00 00  0.......P.c.....
  1D21663F6B0  40 00 00 00 40 00 00 00 40 00 00 00 40 00 00 00  @...@...@...@...
  1D21663F6C0  40 00 00 00 40 00 00 00 00 0C A0 9B D2 01 00 00  @...@...........
  1D21663F6D0  30 00 02 E3 01 00 00 00 F0 D0 63 16 D2 01 00 00  0.........c.....
  1D21663F6E0  40 00 00 00 40 00 00 00 40 00 00 00 40 00 00 00  @...@...@...@...
  1D21663F6F0  40 00 00 00 40 00 00 00 40 AF A0 9B D2 01 00 00  @...@...@.......
  1D21663F700  30 00 02 E3 01 00 00 00 C0 0A 63 16 D2 01 00 00  0.........c.....
  1D21663F710  61 00 6E 00 6B 00 53 00 30 00 32 00 5F 00 53 00  a.n.k.S.0.2._.S.
  1D21663F720  49 00 4C 00 00 00 00 00 00 00 00 00 01 00 00 00  I.L.............
  1D21663F730  30 00 02 E3 01 00 00 00 B0 98 63 16 D2 01 00 00  0.........c.....
  1D21663F740  40 00 00 00 40 00 00 00 40 00 00 00 40 00 00 00  @...@...@...@...
  1D21663F750  40 00 00 00 40 00 00 00 05 00 00 00 07 00 00 00  @...@...........
  1D21663F760  30 00 02 E3 01 00 00 00 A0 CF 63 16 D2 01 00 00  0.........c.....
  1D21663F770  70 8A 5C CF F7 7F 00 00 06 00 00 00 76 00 65 00  p.\.........v.e.
  1D21663F780  50 00 B1 65 D3 01 00 00 40 00 B1 65 D3 01 00 00  P..e....@..e....
  1D21663F790  30 00 02 E3 01 00 00 00 40 E1 63 16 D2 01 00 00  0.......@.c.....
  1D21663F7A0  70 8A 5C CF F7 7F 00 00 06 00 00 00 08 00 00 00  p.\.............
  1D21663F7B0  50 0C B3 65 D3 01 00 00 40 0C B3 65 D3 01 00 00  P..e....@..e....
  1D21663F7C0  06 00 00 00 07 00 00 00 00 00 00 00 00 00 00 00  ................
  1D21663F7D0  00 00 00 00 09 00 00 00 00 1B 00 00 01 36 00 01  .............6..
  1D21663F7E0  02 38 00 01 03 07 00 05 FF FF FF FF 00 00 00 00  .8..............
  1D21663F7F0  30 00 02 E3 01 00 00 00 50 8C 63 16 D2 01 00 00  0.......P.c.....
  1D21663F800  40 00 00 00 40 00 00 00 40 00 00 00 40 00 00 00  @...@...@...@...
  1D21663F810  40 00 00 00 40 00 00 00 00 44 32 9B D2 01 00 00  @...@....D2.....
  1D21663F820  00 00 00 00 05 00 00 00 00 00 00 00 07 00 00 00  ................
  1D21663F830  00 00 00 00 01 1C 00 01 02 28 00 01 03 00 00 03  .........(......
  1D21663F840  04 02 00 03 05 04 00 03 FF FF FF FF 00 00 00 00  ................
  1D21663F850  05 00 00 00 06 00 00 00 00 00 00 00 07 00 00 00  ................
  1D21663F860  00 00 00 00 00 2A 00 00 01 34 00 01 02 01 00 03  .....*...4......
  1D21663F870  03 03 00 03 04 05 00 03 FF FF FF FF 00 00 00 00  ................
  1D21663F880  30 00 02 E3 01 00 00 00 40 42 63 16 D2 01 00 00  0.......@Bc.....
  1D21663F890  40 00 00 00 40 00 00 00 40 00 00 00 40 00 00 00  @...@...@...@...
  1D21663F8A0  40 00 00 00 40 00 00 00 05 00 00 00 07 00 00 00  @...@...........
  1D21663F8B0  30 00 02 E3 01 00 00 00 A0 99 63 16 D2 01 00 00  0.........c.....
  1D21663F8C0  40 00 00 00 40 00 00 00 40 00 00 00 40 00 00 00  @...@...@...@...
  1D21663F8D0  40 00 00 00 40 00 00 00 40 7F DA 9B D2 01 00 00  @...@...@.......
  1D21663F8E0  30 00 02 E3 01 00 00 00 80 CE 63 16 D2 01 00 00  0.........c.....
  1D21663F8F0  70 8A 5C CF F7 7F 00 00 05 00 00 00 40 00 00 00  p.\.........@...
  1D21663F900  00 00 00 00 00 00 00 00 00 00 00 00 00 00 00 00  ................
  1D21663F910  30 00 02 E3 01 00 00 00 10 96 63 16 D2 01 00 00  0.........c.....
  1D21663F920  70 8A 5C CF F7 7F 00 00 02 00 00 00 40 00 00 00  p.\.........@...
  1D21663F930  40 C9 EB 68 D3 01 00 00 2C 00 00 00 30 00 00 00  @..h....,...0...
  1D21663F940  30 00 02 E3 01 00 00 00 E0 DA 63 16 D2 01 00 00  0.........c.....
  1D21663F950  70 8A 5C CF F7 7F 00 00 02 00 00 00 74 00 5F 00  p.\.........t._.
  1D21663F960  70 BD 75 72 D3 01 00 00 25 00 00 00 28 00 00 00  p.ur....%...(...
  1D21663F970  05 00 00 00 06 00 00 00 00 00 00 00 07 00 00 00  ................
  1D21663F980  00 00 00 00 00 2A 00 00 01 34 00 01 02 01 00 03  .....*...4......
  1D21663F990  03 03 00 03 04 05 00 03 FF FF FF FF 29 00 00 00  ............)...
  1D21663F9A0  30 00 02 E3 01 00 00 00 50 2C 63 16 D2 01 00 00  0.......P,c.....
  1D21663F9B0  70 8A 5C CF F7 7F 00 00 03 00 00 00 08 00 00 00  p.\.............
  1D21663F9C0  00 00 00 00 00 00 00 00 00 00 C3 4F D2 01 00 00  ...........O....
  1D21663F9D0  00 00 00 00 00 00 00 00 00 00 00 00 05 00 00 00  ................
  1D21663F9E0  08 00 00 00 01 00 00 03 02 02 00 03 03 04 00 03  ................
  1D21663F9F0  00 28 00 04 FF FF FF FF 00 00 00 00 00 00 00 00  .(..............
  1D21663FA00  30 00 02 E3 01 00 00 00 70 39 63 16 D2 01 00 00  0.......p9c.....
  1D21663FA10  70 8A 5C CF F7 7F 00 00 04 00 00 00 49 00 4C 00  p.\.........I.L.
  1D21663FA20  01 00 00 00 6D 00 72 00 61 00 64 00 65 00 00 00  ....m.r.a.d.e...
  1D21663FA30  00 00 00 00 00 00 00 00 00 00 00 00 05 00 00 00  ................
  1D21663FA40  08 00 00 00 01 01 00 03 02 03 00 03 03 05 00 03  ................
  1D21663FA50  00 34 00 04 FF FF FF FF 69 6E 74 00 00 00 00 00  .4......int.....
  1D21663FA60  30 00 02 E3 01 00 00 00 A0 93 63 16 D2 01 00 00  0.........c.....
  1D21663FA70  72 00 79 00 4E 00 61 00 70 00 61 00 43 00 61 00  r.y.N.a.p.a.C.a.
  1D21663FA80  62 00 62 00 61 00 67 00 65 00 00 00 07 00 00 00  b.b.a.g.e.......
  1D21663FA90  30 00 02 E3 01 00 00 00 A0 9F 63 16 D2 01 00 00  0.........c.....
  1D21663FAA0  70 8A 5C CF F7 7F 00 00 05 00 00 00 40 00 00 00  p.\.........@...
  1D21663FAB0  00 00 00 00 00 00 00 00 00 00 00 00 00 00 00 00  ................
  1D21663FAC0  78 D8 A2 D0 F7 7F 00 00 F0 FA 63 16 D2 01 00 00  x.........c.....
  1D21663FAD0  A2 0F 00 00 00 00 00 00 01 D6 00 00 CB 10 00 00  ................
  1D21663FAE0  10 CE 6B CD F7 7F 00 00 00 00 00 00 00 00 00 00  ..k.............
  1D21663FAF0  30 00 02 E3 01 00 00 00 10 87 63 16 D2 01 00 00  0.........c.....
  1D21663FB00  08 00 00 00 08 00 00 00 08 00 00 00 08 00 00 00  ................
  1D21663FB10  08 00 00 00 08 00 00 00 80 52 4A 1F D2 01 00 00  .........RJ.....
  1D21663FB20  30 00 02 E3 01 00 00 00 50 7D 63 16 D2 01 00 00  0.......P}c.....
  1D21663FB30  70 8A 5C CF F7 7F 00 00 02 00 00 00 40 00 00 00  p.\.........@...
  1D21663FB40  00 00 00 00 00 00 00 00 00 00 00 00 00 00 00 00  ................
  1D21663FB50  78 D8 A2 D0 F7 7F 00 00 00 00 00 00 00 00 00 00  x...............
  1D21663FB60  A4 0F 00 00 00 00 00 00 06 D6 00 00 CD 10 00 00  ................
  1D21663FB70  D0 EE 6B CD F7 7F 00 00 00 00 00 00 00 00 00 00  ..k.............
  1D21663FB80  2F 00 63 00 6F 00 72 00 65 00 2D 00 67 00 61 00  /.c.o.r.e.-.g.a.
  1D21663FB90  6D 00 65 00 2F 00 6D 00 61 00 74 00 63 00 68 00  m.e./.m.a.t.c.h.
  1D21663FBA0  65 00 73 00 2F 00 00 00 00 00 00 00 00 00 00 00  e.s./...........
  1D21663FBB0  78 D8 A2 D0 F7 7F 00 00 00 00 00 00 00 00 00 00  x...............
  1D21663FBC0  A5 0F 00 00 00 00 00 00 09 D6 00 00 CE 10 00 00  ................
  1D21663FBD0  20 16 75 CD F7 7F 00 00 00 00 00 00 00 00 00 00   .u.............
  1D21663FBE0  D8 F9 BC CF F7 7F 00 00 00 00 00 00 00 00 00 00  ................
  1D21663FBF0  A8 0F 00 00 00 00 00 00 0D D6 00 00 CF 10 00 00  ................
  1D21663FC00  50 5B 6B CD F7 7F 00 00 00 00 00 00 00 00 00 00  P[k.............
  1D21663FC10  78 D8 A2 D0 F7 7F 00 00 00 00 00 00 00 00 00 00  x...............
  1D21663FC20  A6 0F 00 00 00 00 00 00 09 D6 00 00 CE 10 00 00  ................
  1D21663FC30  70 05 75 CD F7 7F 00 00 00 00 00 00 00 00 00 00  p.u.............
  1D21663FC40  2F 00 6D 00 6D 00 72 00 2F 00 70 00 6C 00 61 00  /.m.m.r./.p.l.a.
  1D21663FC50  79 00 65 00 72 00 2D 00 72 00 61 00 74 00 69 00  y.e.r.-.r.a.t.i.
  1D21663FC60  6E 00 67 00 73 00 2F 00 00 00 00 00 00 00 00 00  n.g.s./.........
  1D21663FC70  18 A3 72 CF F7 7F 00 00 00 00 00 00 00 00 00 00  ..r.............
  1D21663FC80  A9 0F 00 00 00 00 00 00 1B D6 00 00 D1 10 00 00  ................
  1D21663FC90  A0 DC 6C CD F7 7F 00 00 00 00 00 00 00 00 00 00  ..l.............
  1D21663FCA0  D8 F9 BC CF F7 7F 00 00 00 00 00 00 00 00 00 00  ................
  1D21663FCB0  AB 0F 00 00 00 00 00 00 1F D6 00 00 D4 10 00 00  ................
  1D21663FCC0  70 7B 6B CD F7 7F 00 00 00 00 00 00 00 00 00 00  p{k.............
  1D21663FCD0  D8 F9 BC CF F7 7F 00 00 00 00 00 00 00 00 00 00  ................
  1D21663FCE0  AA 0F 00 00 00 00 00 00 1C D6 00 00 D2 10 00 00  ................
  1D21663FCF0  60 66 6B CD F7 7F 00 00 00 00 00 00 00 00 00 00  `fk.............
  1D21663FD00  D8 F9 BC CF F7 7F 00 00 00 00 00 00 00 00 00 00  ................
  1D21663FD10  A7 0F 00 00 00 00 00 00 0D D6 00 00 CF 10 00 00  ................
  1D21663FD20  50 34 6B CD F7 7F 00 00 00 00 00 00 00 00 00 00  P4k.............
  1D21663FD30  01 01 04 04 00 00 80 3F 24 00 00 00 01 01 04 04  .......?$.......
  1D21663FD40  00 00 80 3F 24 00 00 00 01 01 04 04 00 00 80 3F  ...?$..........?
  1D21663FD50  24 00 00 00 00 00 00 00 FF FF FF FF 03 00 00 00  $...............
  1D21663FD60  30 00 02 E3 01 00 00 00 80 CB 63 16 D2 01 00 00  0.........c.....
  1D21663FD70  70 8A 5C CF F7 7F 00 00 04 00 00 00 57 00 49 00  p.\.........W.I.
  1D21663FD80  01 00 47 00 45 00 5F 00 43 00 4F 00 53 00 00 00  ..G.E._.C.O.S...
  1D21663FD90  30 00 02 E3 01 00 00 00 E0 CB 63 16 D2 01 00 00  0.........c.....
  1D21663FDA0  08 00 00 00 08 00 00 00 08 00 00 00 08 00 00 00  ................
  1D21663FDB0  08 00 00 00 08 00 00 00 00 B8 A0 9B D2 01 00 00  ................
  1D21663FDC0  05 00 00 00 06 00 00 00 00 00 00 00 00 00 00 00  ................
  1D21663FDD0  00 00 00 00 00 1B 00 00 01 36 00 01 02 38 00 01  .........6...8..
  1D21663FDE0  FF FF FF FF D2 01 00 00 04 70 65 29 00 75 65 29  .........pe).ue)
  1D21663FDF0  30 00 02 E3 01 00 00 00 10 2A 63 16 D2 01 00 00  0........*c.....
  1D21663FE00  70 8A 5C CF F7 7F 00 00 02 00 00 00 40 00 00 00  p.\.........@...
  1D21663FE10  10 57 63 16 D2 01 00 00 18 00 00 00 18 00 00 00  .Wc.............
  1D21663FE20  30 00 02 E3 01 00 00 00 70 E1 63 16 D2 01 00 00  0.......p.c.....
  1D21663FE30  40 00 00 00 40 00 00 00 40 00 00 00 40 00 00 00  @...@...@...@...
  1D21663FE40  40 00 00 00 40 00 00 00 00 00 00 00 07 00 00 00  @...@...........
  1D21663FE50  30 00 02 E3 01 00 00 00 E0 9B 63 16 D2 01 00 00  0.........c.....
  1D21663FE60  40 00 00 00 40 00 00 00 40 00 00 00 40 00 00 00  @...@...@...@...
  1D21663FE70  40 00 00 00 40 00 00 00 05 00 00 00 07 00 00 00  @...@...........
  1D21663FE80  00 00 00 00 04 00 00 00 05 00 00 00 09 00 00 00  ................
  1D21663FE90  00 01 00 01 02 01 00 02 03 09 00 02 04 0D 00 02  ................
  1D21663FEA0  05 0F 00 02 01 0D 00 03 FF FF FF FF 00 00 00 00  ................
  1D21663FEB0  30 00 02 E3 01 00 00 00 F0 67 63 16 D2 01 00 00  0........gc.....
  1D21663FEC0  08 00 00 00 08 00 00 00 08 00 00 00 08 00 00 00  ................
  1D21663FED0  08 00 00 00 08 00 00 00 00 00 C3 4F D2 01 00 00  ...........O....
  1D21663FEE0  00 00 00 00 00 00 00 00 04 00 00 00 09 00 00 00  ................
  1D21663FEF0  01 00 00 02 02 08 00 02 03 0A 00 02 04 0C 00 02  ................
  1D21663FF00  05 0E 00 02 00 01 00 03 FF FF FF FF 74 00 00 00  ............t...
  1D21663FF10  30 00 02 E3 01 00 00 00 20 92 63 16 D2 01 00 00  0....... .c.....
  1D21663FF20  40 00 00 00 40 00 00 00 40 00 00 00 40 00 00 00  @...@...@...@...
  1D21663FF30  40 00 00 00 40 00 00 00 C0 72 B5 9B D2 01 00 00  @...@....r......
  1D21663FF40  30 00 02 E3 01 00 00 00 A0 30 63 16 D2 01 00 00  0........0c.....
  1D21663FF50  70 8A 5C CF F7 7F 00 00 02 00 00 00 61 00 6D 00  p.\.........a.m.
  1D21663FF60  A0 B1 1A 68 D3 01 00 00 0D 00 00 00 10 00 00 00  ...h............
  1D21663FF70  30 00 02 E3 01 00 00 00 90 6D 63 16 D2 01 00 00  0........mc.....
  1D21663FF80  40 00 00 00 40 00 00 00 40 00 00 00 40 00 00 00  @...@...@...@...
  1D21663FF90  40 00 00 00 40 00 00 00 00 00 00 00 01 00 00 00  @...@...........
  1D21663FFA0  00 00 00 00 04 00 00 00 08 00 00 00 00 00 00 00  ................
  1D21663FFB0  02 1C 00 01 03 43 00 01 04 44 00 01 05 52 00 01  .....C...D...R..
  1D21663FFC0  06 00 00 02 FF FF FF FF 73 00 00 00 68 73 28 29  ........s...hs()
  1D21663FFD0  06 00 00 00 07 00 00 00 00 00 00 00 00 00 00 00  ................
  1D21663FFE0  00 00 00 00 09 00 00 00 00 1A 00 00 01 35 00 01  .............5..
  1D21663FFF0  02 37 00 01 0B 06 00 05 FF FF FF FF 00 00 00 00  .7..............
