### CAPTURE 2026-08-13T22:45:28Z UTC  PID=29856 base=0x7FF7C7EF0000
### Lobby object @ 0x1D251AA1C80, full 0x2000 bytes
PID 29856  base=0x7FF7C7EF0000 size=0xA9E1000   reading 0x1D251AA1C80 +8192 bytes
  1D251AA1C80  40 9D 14 17 D2 01 00 00 30 9D 14 17 D2 01 00 00  @.......0.......
  1D251AA1C90  D0 36 EF D1 F7 7F 00 00 B0 2C 16 9A D2 01 00 00  .6.......,......
  1D251AA1CA0  B0 2C 16 9A D2 01 00 00 40 9D 14 17 D2 01 00 00  .,......@.......
  1D251AA1CB0  D0 36 EF D1 F7 7F 00 00 40 9D 14 17 D2 01 00 00  .6......@.......
  1D251AA1CC0  30 9D 14 17 D2 01 00 00 F0 90 2C 97 D2 01 00 00  0.........,.....
  1D251AA1CD0  E0 2D 16 9A D2 01 00 00 C0 9E E7 15 D2 01 00 00  .-..............
  1D251AA1CE0  0E 00 00 00 10 00 00 00 80 17 6A 17 D2 01 00 00  ..........j.....
  1D251AA1CF0  16 00 00 00 18 00 00 00 20 17 6A 17 D2 01 00 00  ........ .j.....
  1D251AA1D00  14 00 00 00 18 00 00 00 10 18 6A 17 D2 01 00 00  ..........j.....
  1D251AA1D10  13 00 00 00 18 00 00 00 B0 17 6A 17 D2 01 00 00  ..........j.....
  1D251AA1D20  11 00 00 00 18 00 00 00 40 E1 44 0C D2 01 00 00  ........@.D.....
  1D251AA1D30  04 00 00 00 08 00 00 00 20 E1 44 0C D2 01 00 00  ........ .D.....
  1D251AA1D40  04 00 00 00 08 00 00 00 00 00 00 00 00 00 00 00  ................
  1D251AA1D50  00 00 00 00 00 00 00 00 01 00 00 00 00 00 00 00  ................
  1D251AA1D60  B7 B9 06 00 00 00 00 00 FF FF FF FF FF FF FF FF  ................
  1D251AA1D70  FF FF FF FF 00 00 00 00 00 00 00 00 00 00 00 00  ................
  1D251AA1D80  00 00 00 00 00 00 00 00 A0 0F 00 02 00 00 00 00  ................
  1D251AA1D90  00 00 00 00 00 00 00 00 00 00 00 00 00 00 00 00  ................
  1D251AA1DA0  00 00 00 00 00 00 00 00 00 00 00 00 00 00 00 00  ................
  1D251AA1DB0  00 00 00 00 00 00 00 00 FF FF FF FF FF FF FF FF  ................
  1D251AA1DC0  FF FF FF FF 00 00 00 00 00 00 00 00 00 00 00 00  ................
  1D251AA1DD0  00 00 00 00 00 00 00 00 A0 0F 00 02 00 00 00 00  ................
  1D251AA1DE0  00 00 00 00 00 00 00 00 00 00 00 00 00 00 00 00  ................
  1D251AA1DF0  80 E1 44 0C D2 01 00 00 04 00 00 00 10 00 00 00  ..D.............
  1D251AA1E00  00 00 00 3F 00 00 F0 41 00 00 80 3F 00 00 F0 41  ...?...A...?...A
  1D251AA1E10  00 00 70 42 00 D1 00 00 00 00 80 3F 00 00 80 3F  ..pB.......?...?
  1D251AA1E20  00 00 00 00 00 00 00 00 00 00 00 00 D2 01 00 00  ................
  1D251AA1E30  00 00 00 00 00 00 00 00 00 00 00 00 00 00 00 00  ................
  1D251AA1E40  50 E2 F3 0E D2 01 00 00 40 E2 F3 0E D2 01 00 00  P.......@.......
  1D251AA1E50  00 00 00 00 00 00 00 00 00 00 00 00 00 00 00 00  ................
  1D251AA1E60  00 00 00 00 00 00 00 00 00 00 00 00 00 00 00 00  ................
  1D251AA1E70  00 00 00 00 40 00 00 00 50 F5 63 16 D2 01 00 00  ....@...P.c.....
  1D251AA1E80  03 00 00 00 04 00 00 00 90 E5 63 16 D2 01 00 00  ..........c.....
  1D251AA1E90  03 00 00 00 18 00 00 00 00 00 00 00 00 00 00 00  ................
  1D251AA1EA0  00 00 00 00 04 00 00 00 30 E5 63 16 D2 01 00 00  ........0.c.....
  1D251AA1EB0  03 00 00 00 07 00 00 00 F0 E5 63 16 D2 01 00 00  ..........c.....
  1D251AA1EC0  03 00 00 00 40 00 00 00 20 E6 63 16 D2 01 00 00  ....@... .c.....
  1D251AA1ED0  03 00 00 00 00 00 00 00 00 00 00 00 00 00 00 00  ................
  1D251AA1EE0  00 00 00 00 00 00 00 00 00 00 00 00 00 00 00 00  ................
  1D251AA1EF0  80 4E 55 69 D3 01 00 00 01 00 00 00 04 00 00 00  .NUi............
  1D251AA1F00  01 00 00 00 D3 D1 00 00 00 DC 6F 15 D2 01 00 00  ..........o.....
  1D251AA1F10  00 00 00 00 00 00 00 00 01 00 00 00 80 00 00 00  ................
  1D251AA1F20  FF FF FF FF 00 00 00 00 00 00 00 00 D2 01 00 00  ................
  1D251AA1F30  00 00 00 00 00 00 00 00 01 00 00 00 D2 01 00 00  ................
  1D251AA1F40  00 00 00 00 00 00 00 00 00 00 00 00 00 00 00 00  ................
  1D251AA1F50  B3 B2 00 00 00 00 00 00 00 DB 6F 15 D2 01 00 00  ..........o.....
  1D251AA1F60  00 00 00 00 00 00 00 00 00 00 00 00 80 00 00 00  ................
  1D251AA1F70  FF FF FF FF 00 00 00 00 F0 84 79 17 D2 01 00 00  ..........y.....
  1D251AA1F80  00 00 00 00 00 00 00 00 00 00 00 00 D2 01 00 00  ................
  1D251AA1F90  00 00 00 00 00 00 00 00 00 00 00 00 00 00 00 00  ................
  1D251AA1FA0  58 B3 00 00 04 00 00 00 00 DA 6F 15 D2 01 00 00  X.........o.....
  1D251AA1FB0  00 00 00 00 00 00 00 00 00 00 00 00 80 00 00 00  ................
  1D251AA1FC0  FF FF FF FF 00 00 00 00 C0 84 79 17 D2 01 00 00  ..........y.....
  1D251AA1FD0  00 00 00 00 00 00 00 00 00 00 00 00 D2 01 00 00  ................
  1D251AA1FE0  00 00 00 00 00 00 00 00 00 00 00 00 00 00 00 00  ................
  1D251AA1FF0  DE B2 00 00 D3 D1 00 00 00 D9 6F 15 D2 01 00 00  ..........o.....
  1D251AA2000  00 00 00 00 00 00 00 00 00 00 00 00 80 00 00 00  ................
  1D251AA2010  FF FF FF FF 00 00 00 00 A0 A8 54 16 D2 01 00 00  ..........T.....
  1D251AA2020  00 00 00 00 00 00 00 00 00 00 00 00 D2 01 00 00  ................
  1D251AA2030  00 00 00 00 00 00 00 00 00 00 00 00 00 00 00 00  ................
  1D251AA2040  F8 B2 00 00 00 00 00 00 00 D8 6F 15 D2 01 00 00  ..........o.....
  1D251AA2050  00 00 00 00 00 00 00 00 00 00 00 00 80 00 00 00  ................
  1D251AA2060  FF FF FF FF 00 00 00 00 A0 84 79 17 D2 01 00 00  ..........y.....
  1D251AA2070  00 00 00 00 00 00 00 00 00 00 00 00 D2 01 00 00  ................
  1D251AA2080  00 00 00 00 00 00 00 00 00 00 00 00 00 00 00 00  ................
  1D251AA2090  CA B2 00 00 07 00 00 00 00 D7 6F 15 D2 01 00 00  ..........o.....
  1D251AA20A0  00 00 00 00 00 00 00 00 00 00 00 00 80 00 00 00  ................
  1D251AA20B0  FF FF FF FF 00 00 00 00 00 00 00 00 00 00 00 00  ................
  1D251AA20C0  00 00 00 00 00 00 00 00 00 00 00 00 D2 01 00 00  ................
  1D251AA20D0  00 00 00 00 00 00 00 00 00 00 00 00 00 00 00 00  ................
  1D251AA20E0  01 B3 00 00 D3 D1 00 00 00 D6 6F 15 D2 01 00 00  ..........o.....
  1D251AA20F0  00 00 00 00 00 00 00 00 00 00 00 00 80 00 00 00  ................
  1D251AA2100  FF FF FF FF 00 00 00 00 70 84 79 17 D2 01 00 00  ........p.y.....
  1D251AA2110  00 00 00 00 00 00 00 00 00 00 00 00 D2 01 00 00  ................
  1D251AA2120  00 00 00 00 00 00 00 00 00 00 00 00 00 00 00 00  ................
  1D251AA2130  43 B9 00 00 00 00 00 00 00 D5 6F 15 D2 01 00 00  C.........o.....
  1D251AA2140  00 00 00 00 00 00 00 00 00 00 00 00 80 00 00 00  ................
  1D251AA2150  FF FF FF FF 00 00 00 00 E0 EB 58 06 D2 01 00 00  ..........X.....
  1D251AA2160  00 00 00 00 00 00 00 00 00 00 00 00 D2 01 00 00  ................
  1D251AA2170  00 00 00 00 00 00 00 00 00 00 00 00 00 00 00 00  ................
  1D251AA2180  F6 B8 00 00 02 00 00 00 00 D4 6F 15 D2 01 00 00  ..........o.....
  1D251AA2190  00 00 00 00 00 00 00 00 00 00 00 00 80 00 00 00  ................
  1D251AA21A0  FF FF FF FF 00 00 00 00 C0 A9 54 16 D2 01 00 00  ..........T.....
  1D251AA21B0  00 00 00 00 00 00 00 00 00 00 00 00 D2 01 00 00  ................
  1D251AA21C0  00 00 00 00 00 00 00 00 00 00 00 00 00 00 00 00  ................
  1D251AA21D0  FF B8 00 00 D3 D1 00 00 00 D3 6F 15 D2 01 00 00  ..........o.....
  1D251AA21E0  00 00 00 00 00 00 00 00 00 00 00 00 80 00 00 00  ................
  1D251AA21F0  FF FF FF FF 00 00 00 00 00 00 00 00 00 00 00 00  ................
  1D251AA2200  00 00 00 00 00 00 00 00 00 00 00 00 D2 01 00 00  ................
  1D251AA2210  00 00 00 00 00 00 00 00 00 00 00 00 00 00 00 00  ................
  1D251AA2220  EC B8 00 00 00 00 00 00 00 D2 6F 15 D2 01 00 00  ..........o.....
  1D251AA2230  00 00 00 00 00 00 00 00 00 00 00 00 80 00 00 00  ................
  1D251AA2240  FF FF FF FF 00 00 00 00 70 88 79 17 D2 01 00 00  ........p.y.....
  1D251AA2250  00 00 00 00 00 00 00 00 00 00 00 00 D2 01 00 00  ................
  1D251AA2260  00 00 00 00 00 00 00 00 00 00 00 00 00 00 00 00  ................
  1D251AA2270  1A B9 00 00 02 00 00 00 00 D1 6F 15 D2 01 00 00  ..........o.....
  1D251AA2280  00 00 00 00 00 00 00 00 00 00 00 00 80 00 00 00  ................
  1D251AA2290  FF FF FF FF 00 00 00 00 50 88 79 17 D2 01 00 00  ........P.y.....
  1D251AA22A0  00 00 00 00 00 00 00 00 00 00 00 00 D2 01 00 00  ................
  1D251AA22B0  00 00 00 00 00 00 00 00 00 00 00 00 00 00 00 00  ................
  1D251AA22C0  23 B9 00 00 D2 01 00 00 00 D0 6F 15 D2 01 00 00  #.........o.....
  1D251AA22D0  00 00 00 00 00 00 00 00 00 00 00 00 80 00 00 00  ................
  1D251AA22E0  FF FF FF FF 00 00 00 00 F0 8B 79 17 D2 01 00 00  ..........y.....
  1D251AA22F0  00 00 00 00 00 00 00 00 00 00 00 00 D2 01 00 00  ................
  1D251AA2300  00 00 00 00 00 00 00 00 00 00 00 00 00 00 00 00  ................
  1D251AA2310  B6 BC 00 00 00 00 00 00 00 95 E8 03 D2 01 00 00  ................
  1D251AA2320  00 00 00 00 00 00 00 00 00 00 00 00 80 00 00 00  ................
  1D251AA2330  FF FF FF FF 00 00 00 00 20 83 79 17 D2 01 00 00  ........ .y.....
  1D251AA2340  00 00 00 00 00 00 00 00 00 00 00 00 D2 01 00 00  ................
  1D251AA2350  00 00 00 00 00 00 00 00 00 00 00 00 00 00 00 00  ................
  1D251AA2360  8C BE 00 00 06 00 00 00 00 CF 6F 15 D2 01 00 00  ..........o.....
  1D251AA2370  00 00 00 00 00 00 00 00 00 00 00 00 80 00 00 00  ................
  1D251AA2380  FF FF FF FF 00 00 00 00 60 49 53 17 D2 01 00 00  ........`IS.....
  1D251AA2390  00 00 00 00 00 00 00 00 00 00 00 00 D2 01 00 00  ................
  1D251AA23A0  00 00 00 00 00 00 00 00 00 00 00 00 00 00 00 00  ................
  1D251AA23B0  23 BB 00 00 D2 01 00 00 00 CE 6F 15 D2 01 00 00  #.........o.....
  1D251AA23C0  00 00 00 00 00 00 00 00 00 00 00 00 80 00 00 00  ................
  1D251AA23D0  FF FF FF FF 00 00 00 00 90 8B 79 17 D2 01 00 00  ..........y.....
  1D251AA23E0  00 00 00 00 00 00 00 00 00 00 00 00 D2 01 00 00  ................
  1D251AA23F0  00 00 00 00 00 00 00 00 00 00 00 00 00 00 00 00  ................
  1D251AA2400  1C BB 00 00 00 00 00 00 00 CD 6F 15 D2 01 00 00  ..........o.....
  1D251AA2410  00 00 00 00 00 00 00 00 00 00 00 00 80 00 00 00  ................
  1D251AA2420  FF FF FF FF 00 00 00 00 80 8B 79 17 D2 01 00 00  ..........y.....
  1D251AA2430  00 00 00 00 00 00 00 00 00 00 00 00 D2 01 00 00  ................
  1D251AA2440  00 00 00 00 00 00 00 00 00 00 00 00 00 00 00 00  ................
  1D251AA2450  EF B5 00 00 04 00 00 00 00 CC 6F 15 D2 01 00 00  ..........o.....
  1D251AA2460  00 00 00 00 00 00 00 00 00 00 00 00 80 00 00 00  ................
  1D251AA2470  FF FF FF FF 00 00 00 00 70 AA 79 17 D2 01 00 00  ........p.y.....
  1D251AA2480  00 00 00 00 00 00 00 00 00 00 00 00 D2 01 00 00  ................
  1D251AA2490  00 EB F1 0E D3 01 00 00 08 00 00 00 16 00 00 00  ................
  1D251AA24A0  7F 00 00 00 D2 01 00 00 00 CB 6F 15 D2 01 00 00  ..........o.....
  1D251AA24B0  00 00 00 00 00 00 00 00 08 00 00 00 80 00 00 00  ................
  1D251AA24C0  07 00 00 00 01 00 00 00 02 00 00 00 D2 01 00 00  ................
  1D251AA24D0  C0 61 D6 6D D3 01 00 00 10 00 00 00 D2 01 00 00  .a.m............
  1D251AA24E0  40 25 DA 7B D3 01 00 00 02 00 00 00 04 00 00 00  @%.{............
  1D251AA24F0  03 00 00 00 D2 01 00 00 00 CA 6F 15 D2 01 00 00  ..........o.....
  1D251AA2500  00 00 00 00 00 00 00 00 02 00 00 00 80 00 00 00  ................
  1D251AA2510  FF FF FF FF 00 00 00 00 01 00 00 00 D2 01 00 00  ................
  1D251AA2520  00 00 00 00 00 00 00 00 01 00 00 00 D2 01 00 00  ................
  1D251AA2530  00 00 00 00 00 00 00 00 00 00 00 00 00 00 00 00  ................
  1D251AA2540  DB BD 00 00 D2 01 00 00 00 C9 6F 15 D2 01 00 00  ..........o.....
  1D251AA2550  00 00 00 00 00 00 00 00 00 00 00 00 80 00 00 00  ................
  1D251AA2560  FF FF FF FF 00 00 00 00 E0 9E 54 16 D2 01 00 00  ..........T.....
  1D251AA2570  00 00 00 00 00 00 00 00 00 00 00 00 D2 01 00 00  ................
  1D251AA2580  00 00 00 00 00 00 00 00 00 00 00 00 00 00 00 00  ................
  1D251AA2590  0E BA 00 00 D2 01 00 00 00 C8 6F 15 D2 01 00 00  ..........o.....
  1D251AA25A0  00 00 00 00 00 00 00 00 00 00 00 00 80 00 00 00  ................
  1D251AA25B0  FF FF FF FF 00 00 00 00 70 1E 79 17 D2 01 00 00  ........p.y.....
  1D251AA25C0  00 00 00 00 00 00 00 00 00 00 00 00 D2 01 00 00  ................
  1D251AA25D0  00 00 00 00 00 00 00 00 00 00 00 00 00 00 00 00  ................
  1D251AA25E0  18 BA 00 00 D2 01 00 00 00 C7 6F 15 D2 01 00 00  ..........o.....
  1D251AA25F0  00 00 00 00 00 00 00 00 00 00 00 00 80 00 00 00  ................
  1D251AA2600  FF FF FF FF 00 00 00 00 60 1E 79 17 D2 01 00 00  ........`.y.....
  1D251AA2610  00 00 00 00 00 00 00 00 00 00 00 00 D2 01 00 00  ................
  1D251AA2620  00 00 00 00 00 00 00 00 00 00 00 00 00 00 00 00  ................
  1D251AA2630  54 BA 00 00 D2 01 00 00 00 C6 6F 15 D2 01 00 00  T.........o.....
  1D251AA2640  00 00 00 00 00 00 00 00 00 00 00 00 80 00 00 00  ................
  1D251AA2650  FF FF FF FF 00 00 00 00 00 1E 79 17 D2 01 00 00  ..........y.....
  1D251AA2660  00 00 00 00 00 00 00 00 00 00 00 00 D2 01 00 00  ................
  1D251AA2670  00 00 00 00 00 00 00 00 00 00 00 00 00 00 00 00  ................
  1D251AA2680  39 BB 00 00 D2 01 00 00 00 C5 6F 15 D2 01 00 00  9.........o.....
  1D251AA2690  00 00 00 00 00 00 00 00 00 00 00 00 80 00 00 00  ................
  1D251AA26A0  FF FF FF FF 00 00 00 00 A0 A5 23 E9 D2 01 00 00  ..........#.....
  1D251AA26B0  00 00 00 00 00 00 00 00 00 00 00 00 D2 01 00 00  ................
  1D251AA26C0  00 00 00 00 00 00 00 00 00 00 00 00 00 00 00 00  ................
  1D251AA26D0  31 BE 00 00 D2 01 00 00 00 C4 6F 15 D2 01 00 00  1.........o.....
  1D251AA26E0  00 00 00 00 00 00 00 00 00 00 00 00 80 00 00 00  ................
  1D251AA26F0  FF FF FF FF 00 00 00 00 40 15 79 17 D2 01 00 00  ........@.y.....
  1D251AA2700  00 00 00 00 00 00 00 00 00 00 00 00 D2 01 00 00  ................
  1D251AA2710  00 00 00 00 00 00 00 00 00 00 00 00 00 00 00 00  ................
  1D251AA2720  41 BE 00 00 D2 01 00 00 00 C3 6F 15 D2 01 00 00  A.........o.....
  1D251AA2730  00 00 00 00 00 00 00 00 00 00 00 00 80 00 00 00  ................
  1D251AA2740  FF FF FF FF 00 00 00 00 40 9F 54 16 D2 01 00 00  ........@.T.....
  1D251AA2750  00 00 00 00 00 00 00 00 00 00 00 00 D2 01 00 00  ................
  1D251AA2760  00 00 00 00 00 00 00 00 00 00 00 00 00 00 00 00  ................
  1D251AA2770  55 BE 00 00 D2 01 00 00 00 C2 6F 15 D2 01 00 00  U.........o.....
  1D251AA2780  00 00 00 00 00 00 00 00 00 00 00 00 80 00 00 00  ................
  1D251AA2790  FF FF FF FF 00 00 00 00 00 A0 54 16 D2 01 00 00  ..........T.....
  1D251AA27A0  00 00 00 00 00 00 00 00 00 00 00 00 00 00 00 00  ................
  1D251AA27B0  40 2A 10 62 D2 01 00 00 03 00 00 00 04 00 00 00  @*.b............
  1D251AA27C0  03 00 00 00 D2 01 00 00 00 C1 6F 15 D2 01 00 00  ..........o.....
  1D251AA27D0  00 00 00 00 00 00 00 00 03 00 00 00 80 00 00 00  ................
  1D251AA27E0  02 00 00 00 01 00 00 00 01 00 00 00 D2 01 00 00  ................
  1D251AA27F0  00 00 00 00 00 00 00 00 01 00 00 00 D2 01 00 00  ................
  1D251AA2800  00 00 00 00 00 00 00 00 00 00 00 00 00 00 00 00  ................
  1D251AA2810  6E BE 00 00 D2 01 00 00 00 C0 6F 15 D2 01 00 00  n.........o.....
  1D251AA2820  00 00 00 00 00 00 00 00 00 00 00 00 80 00 00 00  ................
  1D251AA2830  FF FF FF FF 00 00 00 00 60 A0 54 16 D2 01 00 00  ........`.T.....
  1D251AA2840  00 00 00 00 00 00 00 00 00 00 00 00 D2 01 00 00  ................
  1D251AA2850  00 00 00 00 00 00 00 00 00 00 00 00 00 00 00 00  ................
  1D251AA2860  8D B9 00 00 D2 01 00 00 00 BF 6F 15 D2 01 00 00  ..........o.....
  1D251AA2870  00 00 00 00 00 00 00 00 00 00 00 00 80 00 00 00  ................
  1D251AA2880  FF FF FF FF 00 00 00 00 D0 14 79 17 D2 01 00 00  ..........y.....
  1D251AA2890  00 00 00 00 00 00 00 00 00 00 00 00 00 00 00 00  ................
  1D251AA28A0  00 DD 13 1F D2 01 00 00 03 00 00 00 04 00 00 00  ................
  1D251AA28B0  03 00 00 00 D2 01 00 00 00 BE 6F 15 D2 01 00 00  ..........o.....
  1D251AA28C0  00 00 00 00 00 00 00 00 03 00 00 00 80 00 00 00  ................
  1D251AA28D0  02 00 00 00 01 00 00 00 01 00 00 00 00 00 00 00  ................
  1D251AA28E0  00 00 00 00 00 00 00 00 01 00 00 00 00 00 00 00  ................
  1D251AA28F0  00 00 00 00 00 00 00 00 00 00 00 00 00 00 00 00  ................
  1D251AA2900  61 B3 00 00 D2 01 00 00 00 BD 6F 15 D2 01 00 00  a.........o.....
  1D251AA2910  00 00 00 00 00 00 00 00 00 00 00 00 80 00 00 00  ................
  1D251AA2920  FF FF FF FF 00 00 00 00 A0 1C 79 17 D2 01 00 00  ..........y.....
  1D251AA2930  00 00 00 00 00 00 00 00 00 00 00 00 D2 01 00 00  ................
  1D251AA2940  00 00 00 00 00 00 00 00 00 00 00 00 00 00 00 00  ................
  1D251AA2950  BE B3 00 00 D2 01 00 00 00 71 AA 17 D2 01 00 00  .........q......
  1D251AA2960  00 00 00 00 00 00 00 00 00 00 00 00 80 00 00 00  ................
  1D251AA2970  FF FF FF FF 00 00 00 00 90 1C 79 17 D2 01 00 00  ..........y.....
  1D251AA2980  00 00 00 00 00 00 00 00 00 00 00 00 D2 01 00 00  ................
  1D251AA2990  00 00 00 00 00 00 00 00 00 00 00 00 00 00 00 00  ................
  1D251AA29A0  C1 BA 00 00 D2 01 00 00 00 FE 6F 15 D2 01 00 00  ..........o.....
  1D251AA29B0  00 00 00 00 00 00 00 00 00 00 00 00 80 00 00 00  ................
  1D251AA29C0  FF FF FF FF 00 00 00 00 60 1C 79 17 D2 01 00 00  ........`.y.....
  1D251AA29D0  00 00 00 00 00 00 00 00 00 00 00 00 00 00 00 00  ................
  1D251AA29E0  E0 43 4B 11 D3 01 00 00 03 00 00 00 04 00 00 00  .CK.............
  1D251AA29F0  03 00 00 00 D2 01 00 00 00 FD 6F 15 D2 01 00 00  ..........o.....
  1D251AA2A00  00 00 00 00 00 00 00 00 03 00 00 00 80 00 00 00  ................
  1D251AA2A10  02 00 00 00 01 00 00 00 01 00 00 00 D2 01 00 00  ................
  1D251AA2A20  00 00 00 00 00 00 00 00 01 00 00 00 00 00 00 00  ................
  1D251AA2A30  00 00 00 00 00 00 00 00 00 00 00 00 00 00 00 00  ................
  1D251AA2A40  E7 BA 00 00 D2 01 00 00 00 31 13 07 D2 01 00 00  .........1......
  1D251AA2A50  00 00 00 00 00 00 00 00 00 00 00 00 80 00 00 00  ................
  1D251AA2A60  FF FF FF FF 00 00 00 00 20 1C 79 17 D2 01 00 00  ........ .y.....
  1D251AA2A70  00 00 00 00 00 00 00 00 00 00 00 00 D2 01 00 00  ................
  1D251AA2A80  00 00 00 00 00 00 00 00 00 00 00 00 00 00 00 00  ................
  1D251AA2A90  E2 B3 00 00 D2 01 00 00 00 FC 6F 15 D2 01 00 00  ..........o.....
  1D251AA2AA0  00 00 00 00 00 00 00 00 00 00 00 00 80 00 00 00  ................
  1D251AA2AB0  FF FF FF FF 00 00 00 00 C0 1B 79 17 D2 01 00 00  ..........y.....
  1D251AA2AC0  00 00 00 00 00 00 00 00 00 00 00 00 00 00 00 00  ................
  1D251AA2AD0  00 00 00 00 00 00 00 00 00 00 00 00 00 00 00 00  ................
  1D251AA2AE0  2C B4 00 00 D2 01 00 00 00 FB 6F 15 D2 01 00 00  ,.........o.....
  1D251AA2AF0  00 00 00 00 00 00 00 00 00 00 00 00 80 00 00 00  ................
  1D251AA2B00  FF FF FF FF 00 00 00 00 00 00 00 00 00 00 00 00  ................
  1D251AA2B10  00 00 00 00 00 00 00 00 00 00 00 00 00 00 00 00  ................
  1D251AA2B20  00 00 00 00 00 00 00 00 00 00 00 00 00 00 00 00  ................
  1D251AA2B30  02 BC 00 00 D2 01 00 00 00 FA 6F 15 D2 01 00 00  ..........o.....
  1D251AA2B40  00 00 00 00 00 00 00 00 00 00 00 00 80 00 00 00  ................
  1D251AA2B50  FF FF FF FF 00 00 00 00 30 1A 79 17 D2 01 00 00  ........0.y.....
  1D251AA2B60  00 00 00 00 00 00 00 00 00 00 00 00 D2 01 00 00  ................
  1D251AA2B70  00 00 00 00 00 00 00 00 00 00 00 00 00 00 00 00  ................
  1D251AA2B80  51 BD 00 00 D2 01 00 00 00 F9 6F 15 D2 01 00 00  Q.........o.....
  1D251AA2B90  00 00 00 00 00 00 00 00 00 00 00 00 80 00 00 00  ................
  1D251AA2BA0  FF FF FF FF 00 00 00 00 60 1B 79 17 D2 01 00 00  ........`.y.....
  1D251AA2BB0  00 00 00 00 00 00 00 00 00 00 00 00 D2 01 00 00  ................
  1D251AA2BC0  00 00 00 00 00 00 00 00 00 00 00 00 00 00 00 00  ................
  1D251AA2BD0  A7 BE 00 00 D2 01 00 00 00 F8 6F 15 D2 01 00 00  ..........o.....
  1D251AA2BE0  00 00 00 00 00 00 00 00 00 00 00 00 80 00 00 00  ................
  1D251AA2BF0  FF FF FF FF 00 00 00 00 80 89 54 16 D2 01 00 00  ..........T.....
  1D251AA2C00  00 00 00 00 00 00 00 00 00 00 00 00 D2 01 00 00  ................
  1D251AA2C10  00 00 00 00 00 00 00 00 00 00 00 00 00 00 00 00  ................
  1D251AA2C20  9C BE 00 00 D2 01 00 00 00 F7 6F 15 D2 01 00 00  ..........o.....
  1D251AA2C30  00 00 00 00 00 00 00 00 00 00 00 00 80 00 00 00  ................
  1D251AA2C40  FF FF FF FF 00 00 00 00 40 4E 53 17 D2 01 00 00  ........@NS.....
  1D251AA2C50  00 00 00 00 00 00 00 00 00 00 00 00 D2 01 00 00  ................
  1D251AA2C60  00 00 00 00 00 00 00 00 00 00 00 00 00 00 00 00  ................
  1D251AA2C70  C7 BF 00 00 26 00 00 00 00 F6 6F 15 D2 01 00 00  ....&.....o.....
  1D251AA2C80  00 00 00 00 00 00 00 00 00 00 00 00 80 00 00 00  ................
  1D251AA2C90  FF FF FF FF 00 00 00 00 E0 3E 53 17 D2 01 00 00  .........>S.....
  1D251AA2CA0  00 00 00 00 00 00 00 00 00 00 00 00 D2 01 00 00  ................
  1D251AA2CB0  00 00 00 00 00 00 00 00 00 00 00 00 00 00 00 00  ................
  1D251AA2CC0  DA BF 00 00 26 00 00 00 00 F5 6F 15 D2 01 00 00  ....&.....o.....
  1D251AA2CD0  00 00 00 00 00 00 00 00 00 00 00 00 80 00 00 00  ................
  1D251AA2CE0  FF FF FF FF 00 00 00 00 60 88 54 16 D2 01 00 00  ........`.T.....
  1D251AA2CF0  00 00 00 00 00 00 00 00 00 00 00 00 D2 01 00 00  ................
  1D251AA2D00  00 00 00 00 00 00 00 00 00 00 00 00 00 00 00 00  ................
  1D251AA2D10  36 B5 00 00 26 00 00 00 00 F4 6F 15 D2 01 00 00  6...&.....o.....
  1D251AA2D20  00 00 00 00 00 00 00 00 00 00 00 00 80 00 00 00  ................
  1D251AA2D30  FF FF FF FF 00 00 00 00 50 37 79 17 D2 01 00 00  ........P7y.....
  1D251AA2D40  00 00 00 00 00 00 00 00 00 00 00 00 D2 01 00 00  ................
  1D251AA2D50  00 00 00 00 00 00 00 00 00 00 00 00 00 00 00 00  ................
  1D251AA2D60  00 00 00 00 00 00 00 00 00 00 00 00 D2 01 00 00  ................
  1D251AA2D70  00 00 00 00 00 00 00 00 00 00 00 00 D2 01 00 00  ................
  1D251AA2D80  00 00 00 00 00 00 00 00 00 00 00 00 D2 01 00 00  ................
  1D251AA2D90  00 00 00 00 00 00 00 00 00 00 00 00 D2 01 00 00  ................
  1D251AA2DA0  00 00 00 00 00 00 00 00 00 00 00 00 00 00 00 00  ................
  1D251AA2DB0  00 00 00 00 00 00 00 00 00 00 00 00 D2 01 00 00  ................
  1D251AA2DC0  00 00 00 00 00 00 00 00 00 00 00 00 00 00 00 00  ................
  1D251AA2DD0  00 00 00 00 00 00 00 00 00 00 00 00 D2 01 00 00  ................
  1D251AA2DE0  00 00 00 00 00 00 00 00 00 00 00 00 D2 01 00 00  ................
  1D251AA2DF0  00 00 00 00 00 00 00 00 00 00 00 00 00 00 00 00  ................
  1D251AA2E00  00 00 00 00 00 00 00 00 00 00 00 00 D2 01 00 00  ................
  1D251AA2E10  00 00 00 00 00 00 00 00 00 00 00 00 00 00 00 00  ................
  1D251AA2E20  00 00 00 00 00 00 00 00 00 00 00 00 D2 01 00 00  ................
  1D251AA2E30  00 00 00 00 00 00 00 00 00 00 00 00 D2 01 00 00  ................
  1D251AA2E40  00 00 00 00 00 00 00 00 00 00 00 00 00 00 00 00  ................
  1D251AA2E50  00 00 00 00 00 00 00 00 00 00 00 00 D2 01 00 00  ................
  1D251AA2E60  00 00 00 00 00 00 00 00 00 00 00 00 00 00 00 00  ................
  1D251AA2E70  00 00 00 00 00 00 00 00 00 00 00 00 D2 01 00 00  ................
  1D251AA2E80  00 00 00 00 00 00 00 00 00 00 00 00 D2 01 00 00  ................
  1D251AA2E90  00 00 00 00 00 00 00 00 00 00 00 00 00 00 00 00  ................
  1D251AA2EA0  00 00 00 00 00 00 00 00 00 00 00 00 D2 01 00 00  ................
  1D251AA2EB0  00 00 00 00 00 00 00 00 00 00 00 00 00 00 00 00  ................
  1D251AA2EC0  00 00 00 00 00 00 00 00 00 00 00 00 D2 01 00 00  ................
  1D251AA2ED0  00 00 00 00 00 00 00 00 00 00 00 00 D2 01 00 00  ................
  1D251AA2EE0  00 00 00 00 00 00 00 00 00 00 00 00 00 00 00 00  ................
  1D251AA2EF0  00 00 00 00 00 00 00 00 00 00 00 00 D2 01 00 00  ................
  1D251AA2F00  00 00 00 00 00 00 00 00 00 00 00 00 D2 01 00 00  ................
  1D251AA2F10  00 00 00 00 00 00 00 00 00 00 00 00 D2 01 00 00  ................
  1D251AA2F20  00 00 00 00 00 00 00 00 00 00 00 00 D2 01 00 00  ................
  1D251AA2F30  00 00 00 00 00 00 00 00 00 00 00 00 00 00 00 00  ................
  1D251AA2F40  30 F4 63 16 D2 01 00 00 03 00 00 00 D2 01 00 00  0.c.............
  1D251AA2F50  C0 DC 63 16 D2 01 00 00 03 00 00 00 00 00 00 00  ..c.............
  1D251AA2F60  30 DC 63 16 D2 01 00 00 03 00 00 00 D2 01 00 00  0.c.............
  1D251AA2F70  00 00 00 00 00 00 00 00 00 00 00 00 00 00 00 00  ................
  1D251AA2F80  02 00 00 00 00 00 00 00 00 00 00 00 00 00 00 00  ................
  1D251AA2F90  00 00 00 00 26 00 00 00 00 00 00 00 00 00 00 00  ....&...........
  1D251AA2FA0  00 00 00 00 40 00 00 00 00 00 00 00 00 00 00 00  ....@...........
  1D251AA2FB0  00 00 00 00 00 00 00 00 02 00 00 00 00 00 00 00  ................
  1D251AA2FC0  00 00 00 00 00 00 00 00 00 00 00 00 D2 01 00 00  ................
  1D251AA2FD0  00 00 00 00 00 00 00 00 00 00 00 00 00 00 00 00  ................
  1D251AA2FE0  00 00 00 00 00 00 00 00 00 00 00 00 D2 01 00 00  ................
  1D251AA2FF0  00 00 00 00 00 00 00 00 00 00 00 00 00 00 00 00  ................
  1D251AA3000  00 00 00 00 00 00 00 00 00 00 00 00 D2 01 00 00  ................
  1D251AA3010  00 00 00 00 00 00 00 00 00 00 00 00 D2 01 00 00  ................
  1D251AA3020  00 00 00 00 00 00 00 00 00 00 00 00 00 00 00 00  ................
  1D251AA3030  00 00 00 00 00 00 00 00 00 00 00 00 00 00 00 00  ................
  1D251AA3040  02 00 00 00 00 00 00 00 00 00 00 00 00 00 00 00  ................
  1D251AA3050  00 00 00 00 18 00 00 00 00 00 00 00 00 00 00 00  ................
  1D251AA3060  00 00 00 00 38 00 00 00 00 00 00 00 00 00 00 00  ....8...........
  1D251AA3070  00 00 00 00 00 00 00 00 00 00 00 00 00 00 00 00  ................
  1D251AA3080  00 00 00 00 26 00 00 00 00 00 00 00 00 00 00 00  ....&...........
  1D251AA3090  00 00 00 00 40 00 00 00 00 00 00 00 00 00 00 00  ....@...........
  1D251AA30A0  00 00 00 00 18 00 00 00 00 00 00 00 00 00 00 00  ................
  1D251AA30B0  00 00 00 00 18 00 00 00 00 00 00 00 00 00 00 00  ................
  1D251AA30C0  00 00 00 00 04 00 00 00 00 00 00 00 00 00 00 00  ................
  1D251AA30D0  00 00 00 00 00 00 00 00 02 00 00 00 00 00 00 00  ................
  1D251AA30E0  00 00 00 00 00 00 00 00 00 00 00 00 D2 01 00 00  ................
  1D251AA30F0  00 00 00 00 00 00 00 00 00 00 00 00 D2 01 00 00  ................
  1D251AA3100  00 00 00 00 00 00 00 00 00 00 00 00 D2 01 00 00  ................
  1D251AA3110  00 00 00 00 00 00 00 00 00 00 00 00 00 00 00 00  ................
  1D251AA3120  00 00 00 00 00 00 00 00 00 00 00 00 D2 01 00 00  ................
  1D251AA3130  00 00 00 00 00 00 00 00 00 00 00 00 00 00 00 00  ................
  1D251AA3140  00 00 00 00 00 00 00 00 00 00 00 00 D2 01 00 00  ................
  1D251AA3150  00 00 00 00 00 00 00 00 00 00 00 00 D2 01 00 00  ................
  1D251AA3160  00 00 00 00 00 00 00 00 00 00 00 00 00 00 00 00  ................
  1D251AA3170  00 00 00 00 00 00 00 00 00 00 00 00 D2 01 00 00  ................
  1D251AA3180  00 00 00 00 00 00 00 00 00 00 00 00 D2 01 00 00  ................
  1D251AA3190  00 00 00 00 00 00 00 00 00 00 00 00 D2 01 00 00  ................
  1D251AA31A0  00 00 00 00 00 00 00 00 00 00 00 00 D2 01 00 00  ................
  1D251AA31B0  00 00 00 00 00 00 00 00 00 00 00 00 00 00 00 00  ................
  1D251AA31C0  00 00 00 00 00 00 00 00 00 00 00 00 D2 01 00 00  ................
  1D251AA31D0  00 00 00 00 00 00 00 00 00 00 00 00 D2 01 00 00  ................
  1D251AA31E0  00 00 00 00 00 00 00 00 00 00 00 00 D2 01 00 00  ................
  1D251AA31F0  E0 E6 63 16 D2 01 00 00 03 00 00 00 D2 01 00 00  ..c.............
  1D251AA3200  00 00 00 00 00 00 00 00 00 00 00 00 00 00 00 00  ................
  1D251AA3210  A0 DB 63 16 D2 01 00 00 03 00 00 00 D2 01 00 00  ..c.............
  1D251AA3220  70 E7 63 16 D2 01 00 00 03 00 00 00 D2 01 00 00  p.c.............
  1D251AA3230  00 00 00 00 00 00 00 00 00 00 00 00 D2 01 00 00  ................
  1D251AA3240  10 E7 63 16 D2 01 00 00 03 00 00 00 D2 01 00 00  ..c.............
  1D251AA3250  D0 E7 63 16 D2 01 00 00 03 00 00 00 00 00 00 00  ..c.............
  1D251AA3260  00 00 00 00 00 00 00 00 00 00 00 00 D2 01 00 00  ................
  1D251AA3270  30 E8 63 16 D2 01 00 00 03 00 00 00 D2 01 00 00  0.c.............
  1D251AA3280  60 E8 63 16 D2 01 00 00 03 00 00 00 D2 01 00 00  `.c.............
  1D251AA3290  00 DC 63 16 D2 01 00 00 03 00 00 00 D2 01 00 00  ..c.............
  1D251AA32A0  00 00 00 00 00 00 00 00 00 00 00 00 00 00 00 00  ................
  1D251AA32B0  00 E8 63 16 D2 01 00 00 03 00 00 00 D2 01 00 00  ..c.............
  1D251AA32C0  A0 E7 63 16 D2 01 00 00 03 00 00 00 D2 01 00 00  ..c.............
  1D251AA32D0  20 E9 63 16 D2 01 00 00 03 00 00 00 D2 01 00 00   .c.............
  1D251AA32E0  40 E7 63 16 D2 01 00 00 03 00 00 00 D2 01 00 00  @.c.............
  1D251AA32F0  50 E6 63 16 D2 01 00 00 03 00 00 00 00 00 00 00  P.c.............
  1D251AA3300  00 00 00 00 00 00 00 00 00 00 00 00 D2 01 00 00  ................
  1D251AA3310  00 00 00 00 00 00 00 00 00 00 00 00 D2 01 00 00  ................
  1D251AA3320  00 00 00 00 00 00 00 00 00 00 00 00 D2 01 00 00  ................
  1D251AA3330  00 00 00 00 00 00 00 00 00 00 00 00 D2 01 00 00  ................
  1D251AA3340  00 00 00 00 00 00 00 00 00 00 00 00 00 00 00 00  ................
  1D251AA3350  00 00 00 00 00 00 00 00 00 00 00 00 D2 01 00 00  ................
  1D251AA3360  00 00 00 00 00 00 00 00 00 00 00 00 D2 01 00 00  ................
  1D251AA3370  00 00 00 00 00 00 00 00 00 00 00 00 D2 01 00 00  ................
  1D251AA3380  00 00 00 00 00 00 00 00 00 00 00 00 D2 01 00 00  ................
  1D251AA3390  00 00 00 00 00 00 00 00 00 00 00 00 00 00 00 00  ................
  1D251AA33A0  00 00 00 00 00 00 00 00 00 00 00 00 D2 01 00 00  ................
  1D251AA33B0  00 00 00 00 00 00 00 00 00 00 00 00 00 00 00 00  ................
  1D251AA33C0  00 00 00 00 00 00 00 00 00 00 00 00 D2 01 00 00  ................
  1D251AA33D0  00 00 00 00 00 00 00 00 00 00 00 00 D2 01 00 00  ................
  1D251AA33E0  00 00 00 00 00 00 00 00 00 00 00 00 00 00 00 00  ................
  1D251AA33F0  00 00 00 00 00 00 00 00 00 00 00 00 D2 01 00 00  ................
  1D251AA3400  00 00 00 00 00 00 00 00 00 00 00 00 D2 01 00 00  ................
  1D251AA3410  00 00 00 00 00 00 00 00 00 00 00 00 D2 01 00 00  ................
  1D251AA3420  00 00 00 00 00 00 00 00 00 00 00 00 D2 01 00 00  ................
  1D251AA3430  00 00 00 00 00 00 00 00 00 00 00 00 00 00 00 00  ................
  1D251AA3440  00 00 00 00 00 00 00 00 00 00 00 00 D2 01 00 00  ................
  1D251AA3450  00 00 00 00 00 00 00 00 00 00 00 00 00 00 00 00  ................
  1D251AA3460  00 00 00 00 00 00 00 00 00 00 00 00 D2 01 00 00  ................
  1D251AA3470  00 00 00 00 00 00 00 00 00 00 00 00 D2 01 00 00  ................
  1D251AA3480  00 00 00 00 00 00 00 00 00 00 00 00 00 00 00 00  ................
  1D251AA3490  00 00 00 00 00 00 00 00 00 00 00 00 D2 01 00 00  ................
  1D251AA34A0  00 00 00 00 00 00 00 00 00 00 00 00 D2 01 00 00  ................
  1D251AA34B0  00 00 00 00 00 00 00 00 00 00 00 00 D2 01 00 00  ................
  1D251AA34C0  00 00 00 00 00 00 00 00 00 00 00 00 D2 01 00 00  ................
  1D251AA34D0  00 00 00 00 00 00 00 00 00 00 00 00 00 00 00 00  ................
  1D251AA34E0  00 00 00 00 00 00 00 00 00 00 00 00 D2 01 00 00  ................
  1D251AA34F0  00 00 00 00 00 00 00 00 00 00 00 00 D2 01 00 00  ................
  1D251AA3500  00 00 00 00 00 00 00 00 00 00 00 00 D2 01 00 00  ................
  1D251AA3510  00 00 00 00 00 00 00 00 00 00 00 00 D2 01 00 00  ................
  1D251AA3520  00 00 00 00 00 00 00 00 00 00 00 00 00 00 00 00  ................
  1D251AA3530  00 00 00 00 00 00 00 00 00 00 00 00 D2 01 00 00  ................
  1D251AA3540  00 00 00 00 00 00 00 00 00 00 00 00 D2 01 00 00  ................
  1D251AA3550  00 00 00 00 00 00 00 00 00 00 00 00 D2 01 00 00  ................
  1D251AA3560  00 00 00 00 00 00 00 00 00 00 00 00 D2 01 00 00  ................
  1D251AA3570  00 00 00 00 00 00 00 00 00 00 00 00 00 00 00 00  ................
  1D251AA3580  00 00 00 00 00 00 00 00 00 00 00 00 D2 01 00 00  ................
  1D251AA3590  00 00 00 00 00 00 00 00 00 00 00 00 D2 01 00 00  ................
  1D251AA35A0  00 00 00 00 00 00 00 00 00 00 00 00 D2 01 00 00  ................
  1D251AA35B0  00 00 00 00 00 00 00 00 00 00 00 00 D2 01 00 00  ................
  1D251AA35C0  00 00 00 00 00 00 00 00 00 00 00 00 00 00 00 00  ................
  1D251AA35D0  00 00 00 00 00 00 00 00 00 00 00 00 D2 01 00 00  ................
  1D251AA35E0  00 00 00 00 00 00 00 00 00 00 00 00 D2 01 00 00  ................
  1D251AA35F0  00 00 00 00 00 00 00 00 00 00 00 00 D2 01 00 00  ................
  1D251AA3600  00 00 00 00 00 00 00 00 00 00 00 00 D2 01 00 00  ................
  1D251AA3610  00 00 00 00 00 00 00 00 00 00 00 00 00 00 00 00  ................
  1D251AA3620  00 00 00 00 00 00 00 00 00 00 00 00 D2 01 00 00  ................
  1D251AA3630  00 00 00 00 00 00 00 00 00 00 00 00 D2 01 00 00  ................
  1D251AA3640  00 00 00 00 00 00 00 00 00 00 00 00 D2 01 00 00  ................
  1D251AA3650  00 00 00 00 00 00 00 00 00 00 00 00 D2 01 00 00  ................
  1D251AA3660  00 00 00 00 00 00 00 00 00 00 00 00 00 00 00 00  ................
  1D251AA3670  00 00 00 00 00 00 00 00 00 00 00 00 D2 01 00 00  ................
  1D251AA3680  40 18 6A 17 D2 01 00 00 03 00 00 00 D2 01 00 00  @.j.............
  1D251AA3690  83 0F 00 00 00 00 00 00 00 00 00 00 00 00 00 00  ................
  1D251AA36A0  50 14 F3 0F D2 01 00 00 03 00 00 00 D2 01 00 00  P...............
  1D251AA36B0  B8 B9 06 00 00 00 00 00 00 2F 08 00 00 00 00 00  ........./......
  1D251AA36C0  F0 B7 00 00 26 00 00 00 00 FB E8 03 D2 01 00 00  ....&...........
  1D251AA36D0  28 00 00 00 40 00 00 00 00 79 60 15 D2 01 00 00  (...@....y`.....
  1D251AA36E0  0B 00 00 00 18 00 00 00 40 79 28 1E D2 01 00 00  ........@y(.....
  1D251AA36F0  27 00 00 00 38 00 00 00 00 00 00 00 00 00 00 00  '...8...........
  1D251AA3700  00 00 00 00 00 00 00 00 00 2F 08 00 00 00 00 00  ........./......
  1D251AA3710  D5 B8 00 00 26 00 00 00 00 F8 E8 03 D2 01 00 00  ....&...........
  1D251AA3720  10 00 00 00 40 00 00 00 60 79 60 15 D2 01 00 00  ....@...`y`.....
  1D251AA3730  0D 00 00 00 18 00 00 00 60 78 28 1E D2 01 00 00  ........`x(.....
  1D251AA3740  27 00 00 00 38 00 00 00 20 71 79 17 D2 01 00 00  '...8... qy.....
  1D251AA3750  01 00 00 00 04 00 00 00 00 2F 08 00 00 00 00 00  ........./......
  1D251AA3760  A2 B8 00 00 26 00 00 00 00 E9 E8 03 D2 01 00 00  ....&...........
  1D251AA3770  10 00 00 00 40 00 00 00 20 7A 60 15 D2 01 00 00  ....@... z`.....
  1D251AA3780  0B 00 00 00 18 00 00 00 80 77 28 1E D2 01 00 00  .........w(.....
  1D251AA3790  29 00 00 00 38 00 00 00 50 81 79 17 D2 01 00 00  )...8...P.y.....
  1D251AA37A0  03 00 00 00 04 00 00 00 00 2F 08 00 00 00 00 00  ........./......
  1D251AA37B0  B2 B8 00 00 26 00 00 00 00 A1 49 96 D2 01 00 00  ....&.....I.....
  1D251AA37C0  0B 00 00 00 40 00 00 00 80 7A 60 15 D2 01 00 00  ....@....z`.....
  1D251AA37D0  0C 00 00 00 18 00 00 00 A0 76 28 1E D2 01 00 00  .........v(.....
  1D251AA37E0  29 00 00 00 38 00 00 00 40 81 79 17 D2 01 00 00  )...8...@.y.....
  1D251AA37F0  02 00 00 00 04 00 00 00 00 2F 08 00 00 00 00 00  ........./......
  1D251AA3800  C6 B8 00 00 F7 7F 00 00 00 CB 30 0C D2 01 00 00  ..........0.....
  1D251AA3810  0F 00 00 00 40 00 00 00 60 A9 54 16 D2 01 00 00  ....@...`.T.....
  1D251AA3820  0D 00 00 00 18 00 00 00 C0 75 28 1E D2 01 00 00  .........u(.....
  1D251AA3830  29 00 00 00 38 00 00 00 80 15 79 17 D2 01 00 00  )...8.....y.....
  1D251AA3840  01 00 00 00 04 00 00 00 00 6F 08 00 00 00 00 00  .........o......
  1D251AA3850  BD B8 00 00 F7 7F 00 00 00 47 30 0C D2 01 00 00  .........G0.....
  1D251AA3860  09 00 00 00 40 00 00 00 A0 7B 60 15 D2 01 00 00  ....@....{`.....
  1D251AA3870  0D 00 00 00 18 00 00 00 E0 74 28 1E D2 01 00 00  .........t(.....
  1D251AA3880  2A 00 00 00 38 00 00 00 F0 80 79 17 D2 01 00 00  *...8.....y.....
  1D251AA3890  01 00 00 00 04 00 00 00 00 6F 08 00 00 00 00 00  .........o......
  1D251AA38A0  DF BF 00 00 00 00 00 00 90 BB 9B 17 D2 01 00 00  ................
  1D251AA38B0  C6 00 00 00 24 01 00 00 00 74 28 1E D2 01 00 00  ....$....t(.....
  1D251AA38C0  33 00 00 00 38 00 00 00 00 9C 81 1A D2 01 00 00  3...8...........
  1D251AA38D0  7C 00 00 00 A0 00 00 00 00 00 00 00 00 00 00 00  |...............
  1D251AA38E0  00 00 00 00 00 00 00 00 00 6F 08 00 00 00 00 00  .........o......
  1D251AA38F0  00 00 00 00 00 00 00 00 00 00 00 00 00 00 00 00  ................
  1D251AA3900  00 00 00 00 00 00 00 00 00 00 00 00 00 00 00 00  ................
  1D251AA3910  00 00 00 00 00 00 00 00 00 00 00 00 00 00 00 00  ................
  1D251AA3920  00 00 00 00 00 00 00 00 00 00 00 00 00 00 00 00  ................
  1D251AA3930  00 00 00 00 00 00 00 00 00 00 00 00 00 00 00 00  ................
  1D251AA3940  00 00 00 00 00 00 00 00 00 00 00 00 00 00 00 00  ................
  1D251AA3950  00 00 00 00 00 00 00 00 00 00 00 00 00 00 00 00  ................
  1D251AA3960  00 00 00 00 00 00 00 00 00 00 00 00 00 00 00 00  ................
  1D251AA3970  00 00 00 00 00 00 00 00 00 00 00 00 00 00 00 00  ................
  1D251AA3980  00 00 00 00 00 00 00 00 00 00 00 00 00 00 00 00  ................
  1D251AA3990  00 00 00 00 00 00 00 00 00 00 00 00 00 00 00 00  ................
  1D251AA39A0  00 00 00 00 00 00 00 00 00 00 00 00 00 00 00 00  ................
  1D251AA39B0  00 00 00 00 00 00 00 00 00 00 00 00 00 00 00 00  ................
  1D251AA39C0  00 00 00 00 00 00 00 00 00 00 00 00 00 00 00 00  ................
  1D251AA39D0  00 00 00 00 00 00 00 00 00 00 00 00 00 00 00 00  ................
  1D251AA39E0  00 00 00 00 00 00 00 00 00 00 00 00 00 00 00 00  ................
  1D251AA39F0  00 00 00 00 00 00 00 00 00 00 00 00 00 00 00 00  ................
  1D251AA3A00  00 00 00 00 00 00 00 00 00 00 00 00 00 00 00 00  ................
  1D251AA3A10  00 00 00 00 00 00 00 00 00 00 00 00 00 00 00 00  ................
  1D251AA3A20  00 00 00 00 00 00 00 00 00 00 00 00 00 00 00 00  ................
  1D251AA3A30  00 00 00 00 00 00 00 00 00 00 00 00 00 00 00 00  ................
  1D251AA3A40  00 00 00 00 00 00 00 00 00 00 00 00 00 00 00 00  ................
  1D251AA3A50  00 00 00 00 00 00 00 00 00 00 00 00 00 00 00 00  ................
  1D251AA3A60  00 00 00 00 00 00 00 00 00 00 00 00 00 00 00 00  ................
  1D251AA3A70  00 00 00 00 00 00 00 00 00 00 00 00 00 00 00 00  ................
  1D251AA3A80  00 00 00 00 00 00 00 00 00 00 00 00 00 00 00 00  ................
  1D251AA3A90  00 00 00 00 00 00 00 00 00 00 00 00 00 00 00 00  ................
  1D251AA3AA0  00 00 00 00 00 00 00 00 00 00 00 00 00 00 00 00  ................
  1D251AA3AB0  00 00 00 00 00 00 00 00 00 00 00 00 00 00 00 00  ................
  1D251AA3AC0  00 00 00 00 00 00 00 00 00 00 00 00 00 00 00 00  ................
  1D251AA3AD0  00 00 00 00 00 00 00 00 00 00 00 00 00 00 00 00  ................
  1D251AA3AE0  00 00 00 00 00 00 00 00 00 00 00 00 00 00 00 00  ................
  1D251AA3AF0  00 00 00 00 00 00 00 00 00 00 00 00 00 00 00 00  ................
  1D251AA3B00  00 00 00 00 00 00 00 00 00 00 00 00 00 00 00 00  ................
  1D251AA3B10  00 00 00 00 00 00 00 00 00 00 00 00 00 00 00 00  ................
  1D251AA3B20  00 00 00 00 00 00 00 00 00 00 00 00 00 00 00 00  ................
  1D251AA3B30  00 00 00 00 00 00 00 00 00 00 00 00 00 00 00 00  ................
  1D251AA3B40  00 00 00 00 00 00 00 00 00 00 00 00 00 00 00 00  ................
  1D251AA3B50  00 00 00 00 00 00 00 00 00 00 00 00 00 00 00 00  ................
  1D251AA3B60  00 00 00 00 00 00 00 00 00 00 00 00 00 00 00 00  ................
  1D251AA3B70  00 00 00 00 00 00 00 00 00 00 00 00 00 00 00 00  ................
  1D251AA3B80  00 00 00 00 00 00 00 00 00 00 00 00 00 00 00 00  ................
  1D251AA3B90  00 00 00 00 00 00 00 00 00 00 00 00 00 00 00 00  ................
  1D251AA3BA0  00 00 00 00 00 00 00 00 00 00 00 00 00 00 00 00  ................
  1D251AA3BB0  00 00 00 00 00 00 00 00 00 00 00 00 00 00 00 00  ................
  1D251AA3BC0  00 00 00 00 00 00 00 00 00 00 00 00 00 00 00 00  ................
  1D251AA3BD0  00 00 00 00 00 00 00 00 00 00 00 00 00 00 00 00  ................
  1D251AA3BE0  00 00 00 00 00 00 00 00 00 00 00 00 00 00 00 00  ................
  1D251AA3BF0  00 00 00 00 00 00 00 00 00 00 00 00 00 00 00 00  ................
  1D251AA3C00  00 00 00 00 00 00 00 00 00 00 00 00 00 00 00 00  ................
  1D251AA3C10  00 00 00 00 00 00 00 00 00 00 00 00 00 00 00 00  ................
  1D251AA3C20  00 00 00 00 00 00 00 00 00 00 00 00 00 00 00 00  ................
  1D251AA3C30  00 00 00 00 00 00 00 00 00 00 00 00 00 00 00 00  ................
  1D251AA3C40  00 00 00 00 00 00 00 00 00 00 00 00 00 00 00 00  ................
  1D251AA3C50  00 00 00 00 00 00 00 00 00 00 00 00 00 00 00 00  ................
  1D251AA3C60  00 00 00 00 00 00 00 00 00 00 00 00 00 00 00 00  ................
  1D251AA3C70  00 00 00 00 00 00 00 00 00 00 00 00 00 00 00 00  ................
