motion_watch  PID=47532 BASE=0x7FF6CFF90000  duration=150s   2026-08-23 14:14:21
waiting for a LokiBotController to appear (i.e. for ARM D to run)...
FOUND controller 0x25490FEE040  pawn 0x255573A8020  root 0x2547A3B0200   (t=+29.8s)

time         GATE  Living force Blackboard  RandomMoveDirection          ControlInputVector           location
+29.8s       1     1      0     0x2539764BC00 (0.0000,0.0000,0.0000)       (0.0000,0.0000,0.0000)       (600.0,0.0,13240.0)
+30.3s       1     1      0     0x2539764BC00 (0.0000,0.0000,0.0000)       (0.0000,0.0000,0.0000)       (600.0,0.0,13240.0)
+30.8s       1     1      0     0x2539764BC00 (0.0000,0.0000,0.0000)       (0.0000,0.0000,0.0000)       (600.0,0.0,13240.0)
+31.3s       1     1      0     0x2539764BC00 (-0.1215,0.9926,0.0000)      (-0.1215,0.9926,0.0000)      (600.0,0.0,13240.0)
+31.8s       1     1      0     0x2539764BC00 (-0.1215,0.9926,0.0000)      (-0.1215,0.9926,0.0000)      (600.0,0.0,13240.0)
+32.3s       1     1      0     0x2539764BC00 (-0.1215,0.9926,0.0000)      (-0.1215,0.9926,0.0000)      (600.0,0.0,13240.0)
+32.8s       1     1      0     0x2539764BC00 (-0.1215,0.9926,0.0000)      (-0.1215,0.9926,0.0000)      (600.0,0.0,13240.0)
+33.3s       1     1      0     0x2539764BC00 (0.1397,0.9902,0.0000)       (0.1397,0.9902,0.0000)       (600.0,0.0,13240.0)
+33.8s       1     1      0     0x2539764BC00 (0.1397,0.9902,0.0000)       (0.1397,0.9902,0.0000)       (600.0,0.0,13240.0)
+34.3s       1     1      0     0x2539764BC00 (0.1397,0.9902,0.0000)       (0.0000,0.0000,0.0000)       (600.0,0.0,13240.0)
+34.8s       1     1      0     0x2539764BC00 (0.1397,0.9902,0.0000)       (0.1397,0.9902,0.0000)       (600.0,0.0,13240.0)
+35.3s       1     1      0     0x2539764BC00 (-0.1534,0.9882,0.0000)      (-0.1534,0.9882,0.0000)      (600.0,0.0,13240.0)
+35.8s       1     1      0     0x2539764BC00 (-0.1534,0.9882,0.0000)      (-0.1534,0.9882,0.0000)      (600.0,0.0,13240.0)
+36.3s       1     1      0     0x2539764BC00 (-0.1534,0.9882,0.0000)      (-0.1534,0.9882,0.0000)      (600.0,0.0,13240.0)
+36.8s       1     1      0     0x2539764BC00 (-0.1534,0.9882,0.0000)      (-0.1534,0.9882,0.0000)      (600.0,0.0,13240.0)
+37.3s       1     1      0     0x2539764BC00 (-0.3520,0.9360,0.0000)      (-0.3520,0.9360,0.0000)      (600.0,0.0,13240.0)
+37.8s       1     1      0     0x2539764BC00 (-0.3520,0.9360,0.0000)      (-0.3520,0.9360,0.0000)      (600.0,0.0,13240.0)
+38.3s       1     1      0     0x2539764BC00 (-0.3520,0.9360,0.0000)      (-0.3520,0.9360,0.0000)      (600.0,0.0,13240.0)
+38.8s       1     1      0     0x2539764BC00 (-0.3520,0.9360,0.0000)      (-0.3520,0.9360,0.0000)      (600.0,0.0,13240.0)
+39.3s       1     1      0     0x2539764BC00 (1.0000,0.0042,0.0000)       (1.0000,0.0042,0.0000)       (600.0,0.0,13240.0)
+39.8s       1     1      0     0x2539764BC00 (1.0000,0.0042,0.0000)       (1.0000,0.0042,0.0000)       (600.0,0.0,13240.0)
+40.3s       1     1      0     0x2539764BC00 (1.0000,0.0042,0.0000)       (1.0000,0.0042,0.0000)       (600.0,0.0,13240.0)
+40.8s       1     1      0     0x2539764BC00 (1.0000,0.0042,0.0000)       (1.0000,0.0042,0.0000)       (600.0,0.0,13240.0)
+41.3s       1     1      0     0x2539764BC00 (0.5044,0.8635,0.0000)       (0.5044,0.8635,0.0000)       (600.0,0.0,13240.0)
+41.8s       1     1      0     0x2539764BC00 (0.5044,0.8635,0.0000)       (0.5044,0.8635,0.0000)       (600.0,0.0,13240.0)
+42.3s       1     1      0     0x2539764BC00 (0.5044,0.8635,0.0000)       (0.5044,0.8635,0.0000)       (600.0,0.0,13240.0)
+42.8s       1     1      0     0x2539764BC00 (0.5044,0.8635,0.0000)       (0.5044,0.8635,0.0000)       (600.0,0.0,13240.0)
+43.3s       1     1      0     0x2539764BC00 (-0.5536,-0.8328,0.0000)     (-0.5536,-0.8328,0.0000)     (600.0,0.0,13240.0)
+43.8s       1     1      0     0x2539764BC00 (-0.5536,-0.8328,0.0000)     (-0.5536,-0.8328,0.0000)     (600.0,0.0,13240.0)
+44.3s       1     1      0     0x2539764BC00 (-0.5536,-0.8328,0.0000)     (-0.5536,-0.8328,0.0000)     (600.0,0.0,13240.0)
+44.8s       1     1      0     0x2539764BC00 (-0.5536,-0.8328,0.0000)     (-0.5536,-0.8328,0.0000)     (600.0,0.0,13240.0)
+45.3s       1     1      0     0x2539764BC00 (-0.8141,0.5808,0.0000)      (-0.8141,0.5808,0.0000)      (600.0,0.0,13240.0)
+45.8s       1     1      0     0x2539764BC00 (-0.8141,0.5808,0.0000)      (-0.8141,0.5808,0.0000)      (600.0,0.0,13240.0)
+46.3s       1     1      0     0x2539764BC00 (-0.8141,0.5808,0.0000)      (-0.8141,0.5808,0.0000)      (600.0,0.0,13240.0)
+46.8s       1     1      0     0x2539764BC00 (-0.8141,0.5808,0.0000)      (-0.8141,0.5808,0.0000)      (600.0,0.0,13240.0)
+47.3s       1     1      0     0x2539764BC00 (0.7661,-0.6427,0.0000)      (0.7661,-0.6427,0.0000)      (600.0,0.0,13240.0)
+47.8s       1     1      0     0x2539764BC00 (0.7661,-0.6427,0.0000)      (0.7661,-0.6427,0.0000)      (600.0,0.0,13240.0)
+48.3s       1     1      0     0x2539764BC00 (0.7661,-0.6427,0.0000)      (0.7661,-0.6427,0.0000)      (600.0,0.0,13240.0)
+48.8s       1     1      0     0x2539764BC00 (0.7661,-0.6427,0.0000)      (0.7661,-0.6427,0.0000)      (600.0,0.0,13240.0)
+49.3s       1     1      0     0x2539764BC00 (0.8345,0.5511,0.0000)       (0.8345,0.5511,0.0000)       (600.0,0.0,13240.0)
+49.8s       1     1      0     0x2539764BC00 (0.8345,0.5511,0.0000)       (0.8345,0.5511,0.0000)       (600.0,0.0,13240.0)
+50.3s       1     1      0     0x2539764BC00 (0.8345,0.5511,0.0000)       (0.8345,0.5511,0.0000)       (600.0,0.0,13240.0)
+50.8s       1     1      0     0x2539764BC00 (0.8345,0.5511,0.0000)       (0.8345,0.5511,0.0000)       (600.0,0.0,13240.0)
+51.3s       1     1      0     0x2539764BC00 (-0.9785,-0.2062,0.0000)     (-0.9785,-0.2062,0.0000)     (600.0,0.0,13240.0)
+51.8s       1     1      0     0x2539764BC00 (-0.9785,-0.2062,0.0000)     (-0.9785,-0.2062,0.0000)     (600.0,0.0,13240.0)
+52.3s       1     1      0     0x2539764BC00 (-0.9785,-0.2062,0.0000)     (-0.9785,-0.2062,0.0000)     (600.0,0.0,13240.0)
+52.8s       1     1      0     0x2539764BC00 (-0.9785,-0.2062,0.0000)     (-0.9785,-0.2062,0.0000)     (600.0,0.0,13240.0)
+53.3s       1     1      0     0x2539764BC00 (-0.1032,0.9947,0.0000)      (-0.1032,0.9947,0.0000)      (600.0,0.0,13240.0)
+53.8s       1     1      0     0x2539764BC00 (-0.1032,0.9947,0.0000)      (-0.1032,0.9947,0.0000)      (600.0,0.0,13240.0)
+54.3s       1     1      0     0x2539764BC00 (-0.1032,0.9947,0.0000)      (-0.1032,0.9947,0.0000)      (600.0,0.0,13240.0)
+54.8s       1     1      0     0x2539764BC00 (-0.1032,0.9947,0.0000)      (-0.1032,0.9947,0.0000)      (600.0,0.0,13240.0)
+55.3s       1     1      0     0x2539764BC00 (-0.9012,-0.4333,0.0000)     (-0.9012,-0.4333,0.0000)     (600.0,0.0,13240.0)
+55.8s       1     1      0     0x2539764BC00 (-0.9012,-0.4333,0.0000)     (-0.9012,-0.4333,0.0000)     (600.0,0.0,13240.0)
+56.3s       1     1      0     0x2539764BC00 (-0.9012,-0.4333,0.0000)     (-0.9012,-0.4333,0.0000)     (600.0,0.0,13240.0)
+56.8s       1     1      0     0x2539764BC00 (-0.9012,-0.4333,0.0000)     (-0.9012,-0.4333,0.0000)     (600.0,0.0,13240.0)
+57.3s       1     1      0     0x2539764BC00 (-0.8856,0.4644,0.0000)      (-0.8856,0.4644,0.0000)      (600.0,0.0,13240.0)
+57.8s       1     1      0     0x2539764BC00 (-0.8856,0.4644,0.0000)      (-0.8856,0.4644,0.0000)      (600.0,0.0,13240.0)
+58.3s       1     1      0     0x2539764BC00 (-0.8856,0.4644,0.0000)      (-0.8856,0.4644,0.0000)      (600.0,0.0,13240.0)
+58.8s       1     1      0     0x2539764BC00 (-0.8856,0.4644,0.0000)      (-0.8856,0.4644,0.0000)      (600.0,0.0,13240.0)
+59.3s       1     1      0     0x2539764BC00 (-0.7676,-0.6409,0.0000)     (-0.7676,-0.6409,0.0000)     (600.0,0.0,13240.0)
+59.8s       1     1      0     0x2539764BC00 (-0.7676,-0.6409,0.0000)     (-0.7676,-0.6409,0.0000)     (600.0,0.0,13240.0)
+60.3s       1     1      0     0x2539764BC00 (-0.7676,-0.6409,0.0000)     (-0.7676,-0.6409,0.0000)     (600.0,0.0,13240.0)
+60.8s       1     1      0     0x2539764BC00 (-0.7676,-0.6409,0.0000)     (-0.7676,-0.6409,0.0000)     (600.0,0.0,13240.0)
+61.4s       1     1      0     0x2539764BC00 (-0.7606,0.6492,0.0000)      (-0.7606,0.6492,0.0000)      (600.0,0.0,13240.0)
+61.9s       1     1      0     0x2539764BC00 (-0.7606,0.6492,0.0000)      (-0.7606,0.6492,0.0000)      (600.0,0.0,13240.0)
+62.4s       1     1      0     0x2539764BC00 (-0.7606,0.6492,0.0000)      (-0.7606,0.6492,0.0000)      (600.0,0.0,13240.0)
+62.9s       1     1      0     0x2539764BC00 (-0.7606,0.6492,0.0000)      (-0.7606,0.6492,0.0000)      (600.0,0.0,13240.0)
+63.4s       1     1      0     0x2539764BC00 (-0.3647,0.9311,0.0000)      (-0.3647,0.9311,0.0000)      (600.0,0.0,13240.0)
+63.9s       1     1      0     0x2539764BC00 (-0.3647,0.9311,0.0000)      (-0.3647,0.9311,0.0000)      (600.0,0.0,13240.0)
+64.4s       1     1      0     0x2539764BC00 (-0.3647,0.9311,0.0000)      (-0.3647,0.9311,0.0000)      (600.0,0.0,13240.0)
+64.9s       1     1      0     0x2539764BC00 (-0.3647,0.9311,0.0000)      (-0.3647,0.9311,0.0000)      (600.0,0.0,13240.0)
+65.4s       1     1      0     0x2539764BC00 (-0.9600,0.2800,0.0000)      (-0.9600,0.2800,0.0000)      (600.0,0.0,13240.0)
+65.9s       1     1      0     0x2539764BC00 (-0.9600,0.2800,0.0000)      (-0.9600,0.2800,0.0000)      (600.0,0.0,13240.0)
+66.4s       1     1      0     0x2539764BC00 (-0.9600,0.2800,0.0000)      (-0.9600,0.2800,0.0000)      (600.0,0.0,13240.0)
+66.9s       1     1      0     0x2539764BC00 (-0.9600,0.2800,0.0000)      (-0.9600,0.2800,0.0000)      (600.0,0.0,13240.0)
+67.4s       1     1      0     0x2539764BC00 (0.6673,0.7448,0.0000)       (0.6673,0.7448,0.0000)       (600.0,0.0,13240.0)
+67.9s       1     1      0     0x2539764BC00 (0.6673,0.7448,0.0000)       (0.6673,0.7448,0.0000)       (600.0,0.0,13240.0)
+68.4s       1     1      0     0x2539764BC00 (0.6673,0.7448,0.0000)       (0.6673,0.7448,0.0000)       (600.0,0.0,13240.0)
+68.9s       1     1      0     0x2539764BC00 (0.6673,0.7448,0.0000)       (0.6673,0.7448,0.0000)       (600.0,0.0,13240.0)
+69.4s       1     1      0     0x2539764BC00 (0.9985,0.0548,0.0000)       (0.9985,0.0548,0.0000)       (600.0,0.0,13240.0)
+69.9s       1     1      0     0x2539764BC00 (0.9985,0.0548,0.0000)       (0.9985,0.0548,0.0000)       (600.0,0.0,13240.0)
+70.4s       1     1      0     0x2539764BC00 (0.9985,0.0548,0.0000)       (0.9985,0.0548,0.0000)       (600.0,0.0,13240.0)
+70.9s       1     1      0     0x2539764BC00 (0.9985,0.0548,0.0000)       (0.9985,0.0548,0.0000)       (600.0,0.0,13240.0)
+71.4s       1     1      0     0x2539764BC00 (-0.9900,-0.1413,0.0000)     (-0.9900,-0.1413,0.0000)     (600.0,0.0,13240.0)
+71.9s       1     1      0     0x2539764BC00 (-0.9900,-0.1413,0.0000)     (-0.9900,-0.1413,0.0000)     (600.0,0.0,13240.0)
+72.4s       1     1      0     0x2539764BC00 (-0.9900,-0.1413,0.0000)     (-0.9900,-0.1413,0.0000)     (600.0,0.0,13240.0)
+72.9s       1     1      0     0x2539764BC00 (-0.9900,-0.1413,0.0000)     (-0.9900,-0.1413,0.0000)     (600.0,0.0,13240.0)
+73.4s       1     1      0     0x2539764BC00 (0.6804,-0.7328,0.0000)      (0.6804,-0.7328,0.0000)      (600.0,0.0,13240.0)
+73.9s       1     1      0     0x2539764BC00 (0.6804,-0.7328,0.0000)      (0.6804,-0.7328,0.0000)      (600.0,0.0,13240.0)
+74.4s       1     1      0     0x2539764BC00 (0.6804,-0.7328,0.0000)      (0.6804,-0.7328,0.0000)      (600.0,0.0,13240.0)
+74.9s       1     1      0     0x2539764BC00 (0.6804,-0.7328,0.0000)      (0.6804,-0.7328,0.0000)      (600.0,0.0,13240.0)
+75.4s       1     1      0     0x2539764BC00 (0.0629,-0.9980,0.0000)      (0.0629,-0.9980,0.0000)      (600.0,0.0,13240.0)
+75.9s       1     1      0     0x2539764BC00 (0.0629,-0.9980,0.0000)      (0.0629,-0.9980,0.0000)      (600.0,0.0,13240.0)
+76.4s       1     1      0     0x2539764BC00 (0.0629,-0.9980,0.0000)      (0.0629,-0.9980,0.0000)      (600.0,0.0,13240.0)
+76.9s       1     1      0     0x2539764BC00 (0.0629,-0.9980,0.0000)      (0.0629,-0.9980,0.0000)      (600.0,0.0,13240.0)
+77.4s       1     1      0     0x2539764BC00 (0.9222,0.3867,0.0000)       (0.9222,0.3867,0.0000)       (600.0,0.0,13240.0)
+77.9s       1     1      0     0x2539764BC00 (0.9222,0.3867,0.0000)       (0.9222,0.3867,0.0000)       (600.0,0.0,13240.0)
+78.4s       1     1      0     0x2539764BC00 (0.9222,0.3867,0.0000)       (0.9222,0.3867,0.0000)       (600.0,0.0,13240.0)
+78.9s       1     1      0     0x2539764BC00 (0.9222,0.3867,0.0000)       (0.9222,0.3867,0.0000)       (600.0,0.0,13240.0)
+79.4s       1     1      0     0x2539764BC00 (-0.5474,0.8369,0.0000)      (-0.5474,0.8369,0.0000)      (600.0,0.0,13240.0)
+79.9s       1     1      0     0x2539764BC00 (-0.5474,0.8369,0.0000)      (-0.5474,0.8369,0.0000)      (600.0,0.0,13240.0)
+80.4s       1     1      0     0x2539764BC00 (-0.5474,0.8369,0.0000)      (-0.5474,0.8369,0.0000)      (600.0,0.0,13240.0)
+80.9s       1     1      0     0x2539764BC00 (-0.5474,0.8369,0.0000)      (-0.5474,0.8369,0.0000)      (600.0,0.0,13240.0)
+81.4s       1     1      0     0x2539764BC00 (-0.3888,-0.9213,0.0000)     (-0.3888,-0.9213,0.0000)     (600.0,0.0,13240.0)
+81.9s       1     1      0     0x2539764BC00 (-0.3888,-0.9213,0.0000)     (-0.3888,-0.9213,0.0000)     (600.0,0.0,13240.0)
+82.4s       1     1      0     0x2539764BC00 (-0.3888,-0.9213,0.0000)     (-0.3888,-0.9213,0.0000)     (600.0,0.0,13240.0)
+82.9s       1     1      0     0x2539764BC00 (-0.3888,-0.9213,0.0000)     (-0.3888,-0.9213,0.0000)     (600.0,0.0,13240.0)
+83.4s       1     1      0     0x2539764BC00 (-0.5811,-0.8139,0.0000)     (-0.5811,-0.8139,0.0000)     (600.0,0.0,13240.0)
+83.9s       1     1      0     0x2539764BC00 (-0.5811,-0.8139,0.0000)     (-0.5811,-0.8139,0.0000)     (600.0,0.0,13240.0)
+84.4s       1     1      0     0x2539764BC00 (-0.5811,-0.8139,0.0000)     (-0.5811,-0.8139,0.0000)     (600.0,0.0,13240.0)
+84.9s       1     1      0     0x2539764BC00 (-0.5811,-0.8139,0.0000)     (-0.5811,-0.8139,0.0000)     (600.0,0.0,13240.0)
+85.4s       1     1      0     0x2539764BC00 (-0.9970,-0.0771,0.0000)     (-0.9970,-0.0771,0.0000)     (600.0,0.0,13240.0)
+85.9s       1     1      0     0x2539764BC00 (-0.9970,-0.0771,0.0000)     (-0.9970,-0.0771,0.0000)     (600.0,0.0,13240.0)
+86.4s       1     1      0     0x2539764BC00 (-0.9970,-0.0771,0.0000)     (-0.9970,-0.0771,0.0000)     (600.0,0.0,13240.0)
+86.9s       1     1      0     0x2539764BC00 (-0.9970,-0.0771,0.0000)     (-0.9970,-0.0771,0.0000)     (600.0,0.0,13240.0)
+87.4s       1     1      0     0x2539764BC00 (-0.8861,0.4636,0.0000)      (-0.8861,0.4636,0.0000)      (600.0,0.0,13240.0)
+87.9s       1     1      0     0x2539764BC00 (-0.8861,0.4636,0.0000)      (-0.8861,0.4636,0.0000)      (600.0,0.0,13240.0)
+88.4s       1     1      0     0x2539764BC00 (-0.8861,0.4636,0.0000)      (-0.8861,0.4636,0.0000)      (600.0,0.0,13240.0)
+88.9s       1     1      0     0x2539764BC00 (-0.8861,0.4636,0.0000)      (-0.8861,0.4636,0.0000)      (600.0,0.0,13240.0)
+89.4s       1     1      0     0x2539764BC00 (-0.7996,-0.6005,0.0000)     (-0.7996,-0.6005,0.0000)     (600.0,0.0,13240.0)
+89.9s       1     1      0     0x2539764BC00 (-0.7996,-0.6005,0.0000)     (-0.7996,-0.6005,0.0000)     (600.0,0.0,13240.0)
+90.4s       1     1      0     0x2539764BC00 (-0.7996,-0.6005,0.0000)     (-0.7996,-0.6005,0.0000)     (600.0,0.0,13240.0)
+90.9s       1     1      0     0x2539764BC00 (-0.7996,-0.6005,0.0000)     (-0.7996,-0.6005,0.0000)     (600.0,0.0,13240.0)
+91.4s       1     1      0     0x2539764BC00 (-0.5569,0.8306,0.0000)      (-0.5569,0.8306,0.0000)      (600.0,0.0,13240.0)
+91.9s       1     1      0     0x2539764BC00 (-0.5569,0.8306,0.0000)      (-0.5569,0.8306,0.0000)      (600.0,0.0,13240.0)
+92.4s       1     1      0     0x2539764BC00 (-0.5569,0.8306,0.0000)      (-0.5569,0.8306,0.0000)      (600.0,0.0,13240.0)
+92.9s       1     1      0     0x2539764BC00 (-0.5569,0.8306,0.0000)      (-0.5569,0.8306,0.0000)      (600.0,0.0,13240.0)
+93.4s       1     1      0     0x2539764BC00 (-0.2293,-0.9734,0.0000)     (-0.2293,-0.9734,0.0000)     (600.0,0.0,13240.0)
+93.9s       1     1      0     0x2539764BC00 (-0.2293,-0.9734,0.0000)     (-0.2293,-0.9734,0.0000)     (600.0,0.0,13240.0)
+94.4s       1     1      0     0x2539764BC00 (-0.2293,-0.9734,0.0000)     (-0.2293,-0.9734,0.0000)     (600.0,0.0,13240.0)
+94.9s       1     1      0     0x2539764BC00 (-0.2293,-0.9734,0.0000)     (-0.2293,-0.9734,0.0000)     (600.0,0.0,13240.0)
+95.4s       1     1      0     0x2539764BC00 (-0.9942,0.1071,0.0000)      (-0.9942,0.1071,0.0000)      (600.0,0.0,13240.0)
+95.9s       1     1      0     0x2539764BC00 (-0.9942,0.1071,0.0000)      (-0.9942,0.1071,0.0000)      (600.0,0.0,13240.0)
+96.4s       1     1      0     0x2539764BC00 (-0.9942,0.1071,0.0000)      (-0.9942,0.1071,0.0000)      (600.0,0.0,13240.0)
+96.9s       1     1      0     0x2539764BC00 (-0.9942,0.1071,0.0000)      (-0.9942,0.1071,0.0000)      (600.0,0.0,13240.0)
+97.4s       1     1      0     0x2539764BC00 (0.4447,-0.8957,0.0000)      (0.4447,-0.8957,0.0000)      (600.0,0.0,13240.0)
+97.9s       1     1      0     0x2539764BC00 (0.4447,-0.8957,0.0000)      (0.4447,-0.8957,0.0000)      (600.0,0.0,13240.0)
+98.4s       1     1      0     0x2539764BC00 (0.4447,-0.8957,0.0000)      (0.4447,-0.8957,0.0000)      (600.0,0.0,13240.0)
+98.9s       1     1      0     0x2539764BC00 (0.4447,-0.8957,0.0000)      (0.4447,-0.8957,0.0000)      (600.0,0.0,13240.0)
+99.4s       1     1      0     0x2539764BC00 (-0.4569,-0.8895,0.0000)     (-0.4569,-0.8895,0.0000)     (600.0,0.0,13240.0)
+99.9s       1     1      0     0x2539764BC00 (-0.4569,-0.8895,0.0000)     (-0.4569,-0.8895,0.0000)     (600.0,0.0,13240.0)
+100.4s      1     1      0     0x2539764BC00 (-0.4569,-0.8895,0.0000)     (-0.4569,-0.8895,0.0000)     (600.0,0.0,13240.0)
+100.9s      1     1      0     0x2539764BC00 (-0.4569,-0.8895,0.0000)     (-0.4569,-0.8895,0.0000)     (600.0,0.0,13240.0)
+101.4s      1     1      0     0x2539764BC00 (-0.9691,0.2465,0.0000)      (-0.9691,0.2465,0.0000)      (600.0,0.0,13240.0)
+101.9s      1     1      0     0x2539764BC00 (-0.9691,0.2465,0.0000)      (-0.9691,0.2465,0.0000)      (600.0,0.0,13240.0)
+102.4s      1     1      0     0x2539764BC00 (-0.9691,0.2465,0.0000)      (-0.9691,0.2465,0.0000)      (600.0,0.0,13240.0)
+102.9s      1     1      0     0x2539764BC00 (-0.9691,0.2465,0.0000)      (-0.9691,0.2465,0.0000)      (600.0,0.0,13240.0)
+103.4s      1     1      0     0x2539764BC00 (0.7833,0.6217,0.0000)       (0.7833,0.6217,0.0000)       (600.0,0.0,13240.0)
+103.9s      1     1      0     0x2539764BC00 (0.7833,0.6217,0.0000)       (0.7833,0.6217,0.0000)       (600.0,0.0,13240.0)
+104.4s      1     1      0     0x2539764BC00 (0.7833,0.6217,0.0000)       (0.7833,0.6217,0.0000)       (600.0,0.0,13240.0)
+104.9s      1     1      0     0x2539764BC00 (0.7833,0.6217,0.0000)       (0.7833,0.6217,0.0000)       (600.0,0.0,13240.0)
+105.4s      1     1      0     0x2539764BC00 (0.7670,0.6416,0.0000)       (0.7670,0.6416,0.0000)       (600.0,0.0,13240.0)
+105.9s      1     1      0     0x2539764BC00 (0.7670,0.6416,0.0000)       (0.7670,0.6416,0.0000)       (600.0,0.0,13240.0)
+106.4s      1     1      0     0x2539764BC00 (0.7670,0.6416,0.0000)       (0.7670,0.6416,0.0000)       (600.0,0.0,13240.0)
+106.9s      1     1      0     0x2539764BC00 (0.7670,0.6416,0.0000)       (0.7670,0.6416,0.0000)       (600.0,0.0,13240.0)
+107.4s      1     1      0     0x2539764BC00 (0.7796,0.6263,0.0000)       (0.7796,0.6263,0.0000)       (600.0,0.0,13240.0)
+107.9s      1     1      0     0x2539764BC00 (0.7796,0.6263,0.0000)       (0.7796,0.6263,0.0000)       (600.0,0.0,13240.0)
+108.4s      1     1      0     0x2539764BC00 (0.7796,0.6263,0.0000)       (0.7796,0.6263,0.0000)       (600.0,0.0,13240.0)
+108.9s      1     1      0     0x2539764BC00 (0.7796,0.6263,0.0000)       (0.7796,0.6263,0.0000)       (600.0,0.0,13240.0)
+109.4s      1     1      0     0x2539764BC00 (0.9885,0.1514,0.0000)       (0.9885,0.1514,0.0000)       (600.0,0.0,13240.0)
+109.9s      1     1      0     0x2539764BC00 (0.9885,0.1514,0.0000)       (0.9885,0.1514,0.0000)       (600.0,0.0,13240.0)
+110.4s      1     1      0     0x2539764BC00 (0.9885,0.1514,0.0000)       (0.9885,0.1514,0.0000)       (600.0,0.0,13240.0)
+110.9s      1     1      0     0x2539764BC00 (0.9885,0.1514,0.0000)       (0.9885,0.1514,0.0000)       (600.0,0.0,13240.0)
+111.4s      1     1      0     0x2539764BC00 (0.0594,0.9982,0.0000)       (0.0594,0.9982,0.0000)       (600.0,0.0,13240.0)
+111.9s      1     1      0     0x2539764BC00 (0.0594,0.9982,0.0000)       (0.0594,0.9982,0.0000)       (600.0,0.0,13240.0)
+112.4s      1     1      0     0x2539764BC00 (0.0594,0.9982,0.0000)       (0.0594,0.9982,0.0000)       (600.0,0.0,13240.0)
+112.9s      1     1      0     0x2539764BC00 (0.0594,0.9982,0.0000)       (0.0594,0.9982,0.0000)       (600.0,0.0,13240.0)
+113.4s      1     1      0     0x2539764BC00 (-0.5760,0.8175,0.0000)      (-0.5760,0.8175,0.0000)      (600.0,0.0,13240.0)
+113.9s      1     1      0     0x2539764BC00 (-0.5760,0.8175,0.0000)      (-0.5760,0.8175,0.0000)      (600.0,0.0,13240.0)
+114.4s      1     1      0     0x2539764BC00 (-0.5760,0.8175,0.0000)      (-0.5760,0.8175,0.0000)      (600.0,0.0,13240.0)
+114.9s      1     1      0     0x2539764BC00 (-0.5760,0.8175,0.0000)      (-0.5760,0.8175,0.0000)      (600.0,0.0,13240.0)
+115.4s      1     1      0     0x2539764BC00 (0.0079,1.0000,0.0000)       (0.0079,1.0000,0.0000)       (600.0,0.0,13240.0)
+115.9s      1     1      0     0x2539764BC00 (0.0079,1.0000,0.0000)       (0.0079,1.0000,0.0000)       (600.0,0.0,13240.0)
+116.4s      1     1      0     0x2539764BC00 (0.0079,1.0000,0.0000)       (0.0079,1.0000,0.0000)       (600.0,0.0,13240.0)
+116.9s      1     1      0     0x2539764BC00 (0.0079,1.0000,0.0000)       (0.0079,1.0000,0.0000)       (600.0,0.0,13240.0)
+117.4s      1     1      0     0x2539764BC00 (0.0079,1.0000,0.0000)       (0.0079,1.0000,0.0000)       (600.0,0.0,13240.0)
+117.9s      1     1      0     0x2539764BC00 (0.0079,1.0000,0.0000)       (0.0079,1.0000,0.0000)       (600.0,0.0,13240.0)
+118.4s      1     1      0     0x2539764BC00 (0.0079,1.0000,0.0000)       (0.0079,1.0000,0.0000)       (600.0,0.0,13240.0)
+118.9s      1     1      0     0x2539764BC00 (0.0079,1.0000,0.0000)       (0.0079,1.0000,0.0000)       (600.0,0.0,13240.0)
+119.4s      1     1      0     0x2539764BC00 (0.0079,1.0000,0.0000)       (0.0079,1.0000,0.0000)       (600.0,0.0,13240.0)
+119.9s      1     1      0     0x2539764BC00 (0.0079,1.0000,0.0000)       (0.0079,1.0000,0.0000)       (600.0,0.0,13240.0)
+120.4s      1     1      0     0x2539764BC00 (0.0079,1.0000,0.0000)       (0.0079,1.0000,0.0000)       (600.0,0.0,13240.0)
+120.9s      1     1      0     0x2539764BC00 (0.0079,1.0000,0.0000)       (0.0079,1.0000,0.0000)       (600.0,0.0,13240.0)
+121.4s      1     1      0     0x2539764BC00 (0.0079,1.0000,0.0000)       (0.0079,1.0000,0.0000)       (600.0,0.0,13240.0)
+121.9s      1     1      0     0x2539764BC00 (0.0079,1.0000,0.0000)       (0.0079,1.0000,0.0000)       (600.0,0.0,13240.0)
+122.4s      1     1      0     0x2539764BC00 (0.0079,1.0000,0.0000)       (0.0079,1.0000,0.0000)       (600.0,0.0,13240.0)
+122.9s      1     1      0     0x2539764BC00 (0.0079,1.0000,0.0000)       (0.0079,1.0000,0.0000)       (600.0,0.0,13240.0)
+123.4s      1     1      0     0x2539764BC00 (0.0079,1.0000,0.0000)       (0.0079,1.0000,0.0000)       (600.0,0.0,13240.0)
+123.9s      1     1      0     0x2539764BC00 (0.0079,1.0000,0.0000)       (0.0079,1.0000,0.0000)       (600.0,0.0,13240.0)
+124.4s      1     1      0     0x2539764BC00 (0.0079,1.0000,0.0000)       (0.0079,1.0000,0.0000)       (600.0,0.0,13240.0)
+124.9s      1     1      0     0x2539764BC00 (0.0079,1.0000,0.0000)       (0.0079,1.0000,0.0000)       (600.0,0.0,13240.0)
+125.4s      1     1      0     0x2539764BC00 (0.0079,1.0000,0.0000)       (0.0079,1.0000,0.0000)       (600.0,0.0,13240.0)
+125.9s      1     1      0     0x2539764BC00 (0.0079,1.0000,0.0000)       (0.0079,1.0000,0.0000)       (600.0,0.0,13240.0)
+126.4s      1     1      0     0x2539764BC00 (0.0079,1.0000,0.0000)       (0.0079,1.0000,0.0000)       (600.0,0.0,13240.0)

*** PROCESS GONE at t=+126.9s -- samples above are still valid. ***

====================================================================================================
VERDICT   (computed from the OBSERVED samples above, 194 of them)
====================================================================================================
  gate +0x6A0 was 1 at some point        : YES
  RandomMoveDirection ever non-zero      : YES
  ControlInputVector ever non-zero       : YES
  pawn LOCATION changed (>1 uu)          : NO

  The wander driver RAN (RandomMoveDirection is non-zero) but the pawn did not move:
  the failure is now PAST the motor -- movement component, navmesh, or collision.
